CMDLINE python realtime_parallel_pool.py --time 221790745 --codedir /users/mfeldman/scripts/ELDES_MESO/ --outdir /scratch/mfeldman/realtime/ --dvdir /scratch/mfeldman/realtime/ --lomdir /scratch/mfeldman/realtime/
MEM 0.031250 1677596120.7581
MEM 28.714844 1677596120.8809
MEM 47.117188 1677596121.0034
MEM 59.667969 1677596121.1249
MEM 75.679688 1677596121.2460
MEM 85.363281 1677596121.3668
MEM 93.406250 1677596121.4875
MEM 105.101562 1677596121.6083
MEM 112.261719 1677596121.7301
MEM 120.242188 1677596121.8507
MEM 125.285156 1677596121.9710
MEM 134.578125 1677596122.0924
MEM 137.414062 1677596122.2123
MEM 141.453125 1677596122.3319
MEM 142.742188 1677596122.4510
MEM 168.316406 1677596122.5721
MEM 179.382812 1677596122.6930
MEM 180.414062 1677596122.8140
MEM 185.968750 1677596122.9341
MEM 196.128906 1677596123.0530
MEM 198.718750 1677596123.1721
MEM 244.183594 1677596123.2932
MEM 512.230469 1677596123.4132
CHLD 0 252.554688 1677596123.4227
MEM 511.199219 1677596123.5326
CHLD 0 252.554688 1677596123.5421
MEM 510.691406 1677596123.6519
CHLD 0 252.554688 1677596123.6613
MEM 3163.960938 1677596123.7718
CHLD 0 252.554688 1677596123.7820
CHLD 1 275.945312 1677596123.7820
CHLD 2 257.074219 1677596123.7821
CHLD 3 257.074219 1677596123.7821
CHLD 4 257.078125 1677596123.7821
CHLD 5 257.093750 1677596123.7821
CHLD 6 257.093750 1677596123.7821
CHLD 7 257.093750 1677596123.7821
CHLD 8 257.093750 1677596123.7821
CHLD 9 257.093750 1677596123.7822
CHLD 10 257.093750 1677596123.7822
MEM 3218.207031 1677596123.8951
CHLD 0 252.554688 1677596123.9069
CHLD 1 297.117188 1677596123.9070
CHLD 2 340.187500 1677596123.9070
CHLD 3 257.074219 1677596123.9070
CHLD 4 257.078125 1677596123.9070
CHLD 5 257.093750 1677596123.9070
CHLD 6 257.093750 1677596123.9070
CHLD 7 257.093750 1677596123.9071
CHLD 8 257.093750 1677596123.9071
CHLD 9 257.093750 1677596123.9071
CHLD 10 257.093750 1677596123.9071
MEM 3267.816406 1677596124.0200
CHLD 0 252.554688 1677596124.0313
CHLD 1 302.113281 1677596124.0313
CHLD 2 297.332031 1677596124.0314
CHLD 3 336.964844 1677596124.0314
CHLD 4 257.078125 1677596124.0314
CHLD 5 257.093750 1677596124.0314
CHLD 6 257.093750 1677596124.0314
CHLD 7 257.093750 1677596124.0314
CHLD 8 257.093750 1677596124.0314
CHLD 9 257.093750 1677596124.0315
CHLD 10 257.093750 1677596124.0315
MEM 3326.234375 1677596124.1443
CHLD 0 252.554688 1677596124.1561
CHLD 1 302.113281 1677596124.1561
CHLD 2 301.917969 1677596124.1561
CHLD 3 298.605469 1677596124.1562
CHLD 4 296.519531 1677596124.1562
CHLD 5 292.054688 1677596124.1562
CHLD 6 257.093750 1677596124.1562
CHLD 7 257.093750 1677596124.1562
CHLD 8 257.093750 1677596124.1562
CHLD 9 257.093750 1677596124.1562
CHLD 10 257.093750 1677596124.1563
MEM 3390.238281 1677596124.2692
CHLD 0 252.554688 1677596124.2808
CHLD 1 320.312500 1677596124.2808
CHLD 2 301.917969 1677596124.2808
CHLD 3 299.894531 1677596124.2808
CHLD 4 299.300781 1677596124.2808
CHLD 5 296.523438 1677596124.2808
CHLD 6 301.757812 1677596124.2808
CHLD 7 257.093750 1677596124.2809
CHLD 8 257.093750 1677596124.2809
CHLD 9 257.093750 1677596124.2809
CHLD 10 257.093750 1677596124.2809
MEM 3499.679688 1677596124.3938
CHLD 0 252.554688 1677596124.4057
CHLD 1 314.660156 1677596124.4057
CHLD 2 320.105469 1677596124.4057
CHLD 3 306.152344 1677596124.4057
CHLD 4 299.300781 1677596124.4057
CHLD 5 299.031250 1677596124.4058
CHLD 6 297.089844 1677596124.4058
CHLD 7 296.437500 1677596124.4058
CHLD 8 257.093750 1677596124.4058
CHLD 9 257.093750 1677596124.4058
CHLD 10 257.093750 1677596124.4058
MEM 3552.511719 1677596124.5188
CHLD 0 252.554688 1677596124.5309
CHLD 1 314.660156 1677596124.5309
CHLD 2 314.066406 1677596124.5309
CHLD 3 308.386719 1677596124.5310
CHLD 4 312.664062 1677596124.5310
CHLD 5 312.285156 1677596124.5310
CHLD 6 303.289062 1677596124.5310
CHLD 7 298.628906 1677596124.5310
CHLD 8 296.777344 1677596124.5310
CHLD 9 306.050781 1677596124.5310
CHLD 10 257.093750 1677596124.5311
MEM 3599.230469 1677596124.6441
CHLD 0 252.554688 1677596124.6557
CHLD 1 314.660156 1677596124.6557
CHLD 2 314.066406 1677596124.6557
CHLD 3 308.386719 1677596124.6557
CHLD 4 312.664062 1677596124.6557
CHLD 5 316.191406 1677596124.6557
CHLD 6 303.289062 1677596124.6558
CHLD 7 303.546875 1677596124.6558
CHLD 8 300.218750 1677596124.6558
CHLD 9 297.082031 1677596124.6558
CHLD 10 318.816406 1677596124.6558
MEM 3666.230469 1677596124.7686
CHLD 0 252.554688 1677596124.7809
CHLD 1 350.183594 1677596124.7809
CHLD 2 314.066406 1677596124.7809
CHLD 3 308.386719 1677596124.7810
CHLD 4 312.664062 1677596124.7810
CHLD 5 316.191406 1677596124.7810
CHLD 6 316.777344 1677596124.7810
CHLD 7 303.546875 1677596124.7810
CHLD 8 300.218750 1677596124.7810
CHLD 9 298.828125 1677596124.7810
CHLD 10 298.320312 1677596124.7811
MEM 3871.777344 1677596124.8942
CHLD 0 252.554688 1677596124.9064
CHLD 1 350.285156 1677596124.9064
CHLD 2 314.152344 1677596124.9064
CHLD 3 308.472656 1677596124.9064
CHLD 4 315.171875 1677596124.9064
CHLD 5 513.304688 1677596124.9065
CHLD 6 314.417969 1677596124.9065
CHLD 7 309.593750 1677596124.9065
CHLD 8 312.625000 1677596124.9065
CHLD 9 313.085938 1677596124.9065
CHLD 10 298.519531 1677596124.9065
MEM 3971.582031 1677596125.0192
CHLD 0 252.554688 1677596125.0312
CHLD 1 350.285156 1677596125.0313
CHLD 2 314.152344 1677596125.0313
CHLD 3 311.500000 1677596125.0313
CHLD 4 315.171875 1677596125.0313
CHLD 5 282.941406 1677596125.0313
CHLD 6 314.417969 1677596125.0313
CHLD 7 324.113281 1677596125.0313
CHLD 8 308.636719 1677596125.0314
CHLD 9 313.015625 1677596125.0314
CHLD 10 316.191406 1677596125.0314
MEM 3835.167969 1677596125.1441
CHLD 0 252.554688 1677596125.1547
CHLD 1 350.285156 1677596125.1548
CHLD 2 318.222656 1677596125.1548
CHLD 3 311.500000 1677596125.1548
CHLD 4 315.171875 1677596125.1548
CHLD 5 295.347656 1677596125.1548
CHLD 6 314.417969 1677596125.1548
CHLD 7 314.316406 1677596125.1548
CHLD 8 308.636719 1677596125.1549
CHLD 9 313.015625 1677596125.1549
CHLD 10 316.191406 1677596125.1549
MEM 3924.921875 1677596125.2677
CHLD 0 252.554688 1677596125.2787
CHLD 1 350.300781 1677596125.2787
CHLD 2 318.222656 1677596125.2787
CHLD 3 311.500000 1677596125.2788
CHLD 4 316.570312 1677596125.2788
CHLD 5 299.132812 1677596125.2788
CHLD 6 314.417969 1677596125.2788
CHLD 7 314.316406 1677596125.2788
CHLD 8 308.722656 1677596125.2788
CHLD 9 434.089844 1677596125.2788
CHLD 10 316.191406 1677596125.2789
MEM 4063.757812 1677596125.3916
CHLD 0 252.554688 1677596125.4034
CHLD 1 350.300781 1677596125.4035
CHLD 2 318.222656 1677596125.4035
CHLD 3 312.515625 1677596125.4035
CHLD 4 316.488281 1677596125.4035
CHLD 5 299.132812 1677596125.4035
CHLD 6 321.917969 1677596125.4035
CHLD 7 314.402344 1677596125.4036
CHLD 8 311.746094 1677596125.4036
CHLD 9 492.664062 1677596125.4036
CHLD 10 316.191406 1677596125.4036
MEM 4271.562500 1677596125.5167
CHLD 0 252.554688 1677596125.5289
CHLD 1 350.300781 1677596125.5290
CHLD 2 318.222656 1677596125.5290
CHLD 3 312.515625 1677596125.5290
CHLD 4 325.289062 1677596125.5290
CHLD 5 299.132812 1677596125.5290
CHLD 6 557.898438 1677596125.5290
CHLD 7 314.402344 1677596125.5290
CHLD 8 311.750000 1677596125.5291
CHLD 9 295.355469 1677596125.5291
CHLD 10 330.332031 1677596125.5291
MEM 4406.859375 1677596125.6422
CHLD 0 252.554688 1677596125.6543
CHLD 1 350.300781 1677596125.6543
CHLD 2 318.222656 1677596125.6543
CHLD 3 312.515625 1677596125.6543
CHLD 4 538.265625 1677596125.6544
CHLD 5 318.371094 1677596125.6544
CHLD 6 492.664062 1677596125.6544
CHLD 7 314.402344 1677596125.6544
CHLD 8 311.750000 1677596125.6544
CHLD 9 297.636719 1677596125.6544
CHLD 10 335.785156 1677596125.6544
MEM 4489.300781 1677596125.7672
CHLD 0 252.554688 1677596125.7776
CHLD 1 415.546875 1677596125.7776
CHLD 2 320.175781 1677596125.7776
CHLD 3 312.515625 1677596125.7776
CHLD 4 497.089844 1677596125.7776
CHLD 5 347.703125 1677596125.7777
CHLD 6 295.386719 1677596125.7777
CHLD 7 318.484375 1677596125.7777
CHLD 8 311.750000 1677596125.7777
CHLD 9 298.683594 1677596125.7777
CHLD 10 368.031250 1677596125.7777
MEM 4534.054688 1677596125.8906
CHLD 0 252.554688 1677596125.9022
CHLD 1 494.988281 1677596125.9022
CHLD 2 320.089844 1677596125.9022
CHLD 3 313.523438 1677596125.9023
CHLD 4 497.089844 1677596125.9023
CHLD 5 347.703125 1677596125.9023
CHLD 6 297.394531 1677596125.9023
CHLD 7 318.484375 1677596125.9023
CHLD 8 314.867188 1677596125.9024
CHLD 9 298.683594 1677596125.9024
CHLD 10 368.031250 1677596125.9024
MEM 4550.171875 1677596126.0155
CHLD 0 252.554688 1677596126.0272
CHLD 1 494.988281 1677596126.0273
CHLD 2 320.089844 1677596126.0273
CHLD 3 313.523438 1677596126.0273
CHLD 4 295.472656 1677596126.0273
CHLD 5 347.703125 1677596126.0273
CHLD 6 299.363281 1677596126.0273
CHLD 7 318.484375 1677596126.0273
CHLD 8 315.015625 1677596126.0274
CHLD 9 342.382812 1677596126.0274
CHLD 10 368.031250 1677596126.0274
MEM 4501.976562 1677596126.1402
CHLD 0 252.554688 1677596126.1515
CHLD 1 494.988281 1677596126.1516
CHLD 2 347.722656 1677596126.1516
CHLD 3 313.523438 1677596126.1516
CHLD 4 298.316406 1677596126.1516
CHLD 5 347.703125 1677596126.1516
CHLD 6 299.363281 1677596126.1516
CHLD 7 318.484375 1677596126.1516
CHLD 8 315.015625 1677596126.1517
CHLD 9 342.414062 1677596126.1517
CHLD 10 368.031250 1677596126.1517
MEM 4614.445312 1677596126.2646
CHLD 0 252.554688 1677596126.2769
CHLD 1 329.328125 1677596126.2769
CHLD 2 347.722656 1677596126.2769
CHLD 3 313.523438 1677596126.2769
CHLD 4 298.769531 1677596126.2769
CHLD 5 351.445312 1677596126.2769
CHLD 6 342.023438 1677596126.2770
CHLD 7 319.835938 1677596126.2770
CHLD 8 444.320312 1677596126.2770
CHLD 9 342.414062 1677596126.2770
CHLD 10 372.031250 1677596126.2770
MEM 4617.300781 1677596126.3901
CHLD 0 252.554688 1677596126.4021
CHLD 1 295.968750 1677596126.4021
CHLD 2 347.722656 1677596126.4021
CHLD 3 313.523438 1677596126.4021
CHLD 4 298.769531 1677596126.4022
CHLD 5 353.687500 1677596126.4022
CHLD 6 342.164062 1677596126.4022
CHLD 7 320.320312 1677596126.4022
CHLD 8 488.335938 1677596126.4022
CHLD 9 346.140625 1677596126.4022
CHLD 10 372.066406 1677596126.4022
MEM 4674.074219 1677596126.5151
CHLD 0 252.554688 1677596126.5267
CHLD 1 298.156250 1677596126.5267
CHLD 2 347.734375 1677596126.5267
CHLD 3 313.523438 1677596126.5268
CHLD 4 342.304688 1677596126.5268
CHLD 5 353.687500 1677596126.5268
CHLD 6 342.164062 1677596126.5268
CHLD 7 320.101562 1677596126.5268
CHLD 8 329.273438 1677596126.5268
CHLD 9 346.160156 1677596126.5268
CHLD 10 372.066406 1677596126.5269
MEM 4572.742188 1677596126.6398
CHLD 0 252.554688 1677596126.6509
CHLD 1 308.015625 1677596126.6510
CHLD 2 347.734375 1677596126.6510
CHLD 3 313.523438 1677596126.6510
CHLD 4 342.429688 1677596126.6510
CHLD 5 353.687500 1677596126.6510
CHLD 6 345.890625 1677596126.6510
CHLD 7 320.101562 1677596126.6510
CHLD 8 297.312500 1677596126.6511
CHLD 9 346.398438 1677596126.6511
CHLD 10 372.066406 1677596126.6511
MEM 4640.539062 1677596126.7638
CHLD 0 252.554688 1677596126.7745
CHLD 1 337.703125 1677596126.7746
CHLD 2 347.734375 1677596126.7746
CHLD 3 313.523438 1677596126.7746
CHLD 4 342.429688 1677596126.7746
CHLD 5 353.687500 1677596126.7746
CHLD 6 345.890625 1677596126.7746
CHLD 7 347.734375 1677596126.7746
CHLD 8 297.839844 1677596126.7747
CHLD 9 346.398438 1677596126.7747
CHLD 10 372.066406 1677596126.7747
MEM 4710.824219 1677596126.8869
CHLD 0 252.554688 1677596126.8973
CHLD 1 337.703125 1677596126.8974
CHLD 2 401.355469 1677596126.8974
CHLD 3 313.523438 1677596126.8974
CHLD 4 346.156250 1677596126.8974
CHLD 5 353.687500 1677596126.8974
CHLD 6 345.925781 1677596126.8975
CHLD 7 347.734375 1677596126.8975
CHLD 8 335.000000 1677596126.8975
CHLD 9 346.398438 1677596126.8975
CHLD 10 372.066406 1677596126.8975
MEM 4875.945312 1677596127.0105
CHLD 0 252.554688 1677596127.0221
CHLD 1 341.406250 1677596127.0221
CHLD 2 522.546875 1677596127.0221
CHLD 3 313.523438 1677596127.0221
CHLD 4 346.398438 1677596127.0221
CHLD 5 353.687500 1677596127.0221
CHLD 6 345.925781 1677596127.0222
CHLD 7 347.734375 1677596127.0222
CHLD 8 335.000000 1677596127.0222
CHLD 9 346.398438 1677596127.0222
CHLD 10 374.066406 1677596127.0222
MEM 4821.476562 1677596127.1351
CHLD 0 252.554688 1677596127.1473
CHLD 1 341.445312 1677596127.1474
CHLD 2 315.214844 1677596127.1474
CHLD 3 313.710938 1677596127.1474
CHLD 4 346.398438 1677596127.1474
CHLD 5 353.687500 1677596127.1474
CHLD 6 345.925781 1677596127.1474
CHLD 7 347.734375 1677596127.1475
CHLD 8 336.367188 1677596127.1475
CHLD 9 346.398438 1677596127.1475
CHLD 10 374.066406 1677596127.1475
MEM 4872.835938 1677596127.2598
CHLD 0 252.554688 1677596127.2711
CHLD 1 341.445312 1677596127.2711
CHLD 2 341.710938 1677596127.2711
CHLD 3 313.789062 1677596127.2711
CHLD 4 346.398438 1677596127.2712
CHLD 5 353.687500 1677596127.2712
CHLD 6 345.925781 1677596127.2712
CHLD 7 347.734375 1677596127.2712
CHLD 8 336.761719 1677596127.2712
CHLD 9 346.398438 1677596127.2712
CHLD 10 374.066406 1677596127.2712
MEM 4800.617188 1677596127.3829
CHLD 0 252.554688 1677596127.3933
CHLD 1 341.445312 1677596127.3934
CHLD 2 341.863281 1677596127.3934
CHLD 3 313.789062 1677596127.3934
CHLD 4 346.398438 1677596127.3934
CHLD 5 353.687500 1677596127.3934
CHLD 6 345.925781 1677596127.3934
CHLD 7 347.734375 1677596127.3935
CHLD 8 336.761719 1677596127.3935
CHLD 9 346.398438 1677596127.3935
CHLD 10 374.066406 1677596127.3935
MEM 4841.246094 1677596127.5063
CHLD 0 252.554688 1677596127.5180
CHLD 1 341.582031 1677596127.5181
CHLD 2 341.996094 1677596127.5181
CHLD 3 345.574219 1677596127.5181
CHLD 4 346.398438 1677596127.5181
CHLD 5 353.687500 1677596127.5181
CHLD 6 345.925781 1677596127.5181
CHLD 7 377.179688 1677596127.5182
CHLD 8 338.968750 1677596127.5182
CHLD 9 348.398438 1677596127.5182
CHLD 10 374.066406 1677596127.5182
MEM 5011.792969 1677596127.6307
CHLD 0 252.554688 1677596127.6415
CHLD 1 341.671875 1677596127.6415
CHLD 2 341.996094 1677596127.6415
CHLD 3 345.574219 1677596127.6416
CHLD 4 346.410156 1677596127.6416
CHLD 5 353.687500 1677596127.6416
CHLD 6 345.925781 1677596127.6416
CHLD 7 522.550781 1677596127.6416
CHLD 8 338.968750 1677596127.6416
CHLD 9 348.398438 1677596127.6417
CHLD 10 374.066406 1677596127.6417
MEM 5111.179688 1677596127.7539
CHLD 0 252.554688 1677596127.7644
CHLD 1 341.671875 1677596127.7644
CHLD 2 342.003906 1677596127.7644
CHLD 3 345.574219 1677596127.7644
CHLD 4 346.410156 1677596127.7644
CHLD 5 353.687500 1677596127.7644
CHLD 6 347.925781 1677596127.7645
CHLD 7 497.984375 1677596127.7645
CHLD 8 338.968750 1677596127.7645
CHLD 9 348.398438 1677596127.7645
CHLD 10 374.066406 1677596127.7645
MEM 4945.816406 1677596127.8770
CHLD 0 252.554688 1677596127.8876
CHLD 1 341.671875 1677596127.8877
CHLD 2 342.003906 1677596127.8877
CHLD 3 346.339844 1677596127.8877
CHLD 4 346.410156 1677596127.8877
CHLD 5 353.687500 1677596127.8877
CHLD 6 347.925781 1677596127.8877
CHLD 7 295.988281 1677596127.8878
CHLD 8 338.968750 1677596127.8878
CHLD 9 348.398438 1677596127.8878
CHLD 10 374.066406 1677596127.8878
MEM 4907.453125 1677596128.0001
CHLD 0 252.554688 1677596128.0106
CHLD 1 341.671875 1677596128.0106
CHLD 2 342.003906 1677596128.0106
CHLD 3 346.339844 1677596128.0106
CHLD 4 348.410156 1677596128.0107
CHLD 5 353.687500 1677596128.0107
CHLD 6 347.925781 1677596128.0107
CHLD 7 296.421875 1677596128.0107
CHLD 8 338.968750 1677596128.0107
CHLD 9 348.398438 1677596128.0107
CHLD 10 374.066406 1677596128.0107
MEM 4940.265625 1677596128.1232
CHLD 0 252.554688 1677596128.1339
CHLD 1 341.671875 1677596128.1339
CHLD 2 342.003906 1677596128.1340
CHLD 3 346.339844 1677596128.1340
CHLD 4 348.410156 1677596128.1340
CHLD 5 353.687500 1677596128.1340
CHLD 6 347.925781 1677596128.1340
CHLD 7 329.234375 1677596128.1340
CHLD 8 338.968750 1677596128.1340
CHLD 9 348.398438 1677596128.1341
CHLD 10 374.066406 1677596128.1341
MEM 4943.242188 1677596128.2455
CHLD 0 252.554688 1677596128.2559
CHLD 1 341.671875 1677596128.2559
CHLD 2 342.003906 1677596128.2559
CHLD 3 363.570312 1677596128.2559
CHLD 4 348.410156 1677596128.2559
CHLD 5 353.687500 1677596128.2560
CHLD 6 347.925781 1677596128.2560
CHLD 7 329.953125 1677596128.2560
CHLD 8 338.968750 1677596128.2560
CHLD 9 348.398438 1677596128.2560
CHLD 10 374.066406 1677596128.2560
MEM 5087.625000 1677596128.3682
CHLD 0 252.554688 1677596128.3792
CHLD 1 341.671875 1677596128.3792
CHLD 2 342.003906 1677596128.3793
CHLD 3 489.992188 1677596128.3793
CHLD 4 348.410156 1677596128.3793
CHLD 5 353.687500 1677596128.3793
CHLD 6 347.925781 1677596128.3793
CHLD 7 330.171875 1677596128.3793
CHLD 8 338.968750 1677596128.3794
CHLD 9 348.398438 1677596128.3794
CHLD 10 374.066406 1677596128.3794
MEM 5043.890625 1677596128.4922
CHLD 0 252.554688 1677596128.5042
CHLD 1 341.671875 1677596128.5042
CHLD 2 342.003906 1677596128.5042
CHLD 3 316.105469 1677596128.5042
CHLD 4 348.410156 1677596128.5042
CHLD 5 353.687500 1677596128.5043
CHLD 6 347.925781 1677596128.5043
CHLD 7 357.914062 1677596128.5043
CHLD 8 338.968750 1677596128.5043
CHLD 9 348.398438 1677596128.5043
CHLD 10 374.066406 1677596128.5043
MEM 5155.089844 1677596128.6171
CHLD 0 252.554688 1677596128.6284
CHLD 1 341.671875 1677596128.6284
CHLD 2 342.003906 1677596128.6285
CHLD 3 296.195312 1677596128.6285
CHLD 4 348.410156 1677596128.6285
CHLD 5 353.687500 1677596128.6285
CHLD 6 347.925781 1677596128.6285
CHLD 7 357.617188 1677596128.6285
CHLD 8 363.367188 1677596128.6286
CHLD 9 348.398438 1677596128.6286
CHLD 10 374.066406 1677596128.6286
MEM 5122.171875 1677596128.7414
CHLD 0 252.554688 1677596128.7524
CHLD 1 341.671875 1677596128.7524
CHLD 2 368.628906 1677596128.7524
CHLD 3 328.007812 1677596128.7524
CHLD 4 348.410156 1677596128.7524
CHLD 5 353.687500 1677596128.7525
CHLD 6 347.925781 1677596128.7525
CHLD 7 361.636719 1677596128.7525
CHLD 8 363.367188 1677596128.7525
CHLD 9 348.398438 1677596128.7525
CHLD 10 374.066406 1677596128.7525
MEM 5154.566406 1677596128.8652
CHLD 0 252.554688 1677596128.8763
CHLD 1 366.050781 1677596128.8764
CHLD 2 368.761719 1677596128.8764
CHLD 3 328.707031 1677596128.8764
CHLD 4 348.410156 1677596128.8764
CHLD 5 353.687500 1677596128.8764
CHLD 6 347.925781 1677596128.8765
CHLD 7 364.203125 1677596128.8765
CHLD 8 368.484375 1677596128.8765
CHLD 9 348.398438 1677596128.8765
CHLD 10 374.066406 1677596128.8765
MEM 5154.757812 1677596128.9889
CHLD 0 252.554688 1677596129.0000
CHLD 1 366.070312 1677596129.0000
CHLD 2 368.894531 1677596129.0001
CHLD 3 328.878906 1677596129.0001
CHLD 4 348.410156 1677596129.0001
CHLD 5 353.687500 1677596129.0001
CHLD 6 347.925781 1677596129.0001
CHLD 7 388.445312 1677596129.0001
CHLD 8 368.484375 1677596129.0002
CHLD 9 348.398438 1677596129.0002
CHLD 10 374.066406 1677596129.0002
MEM 5307.640625 1677596129.1130
CHLD 0 252.554688 1677596129.1249
CHLD 1 372.300781 1677596129.1249
CHLD 2 368.894531 1677596129.1250
CHLD 3 356.707031 1677596129.1250
CHLD 4 348.410156 1677596129.1250
CHLD 5 353.687500 1677596129.1250
CHLD 6 347.925781 1677596129.1250
CHLD 7 477.843750 1677596129.1250
CHLD 8 370.890625 1677596129.1250
CHLD 9 348.398438 1677596129.1251
CHLD 10 374.066406 1677596129.1251
MEM 5282.445312 1677596129.2378
CHLD 0 252.554688 1677596129.2490
CHLD 1 372.605469 1677596129.2491
CHLD 2 369.117188 1677596129.2491
CHLD 3 361.171875 1677596129.2491
CHLD 4 348.410156 1677596129.2491
CHLD 5 353.687500 1677596129.2491
CHLD 6 347.925781 1677596129.2491
CHLD 7 339.113281 1677596129.2491
CHLD 8 370.890625 1677596129.2492
CHLD 9 348.398438 1677596129.2492
CHLD 10 374.066406 1677596129.2492
MEM 5313.078125 1677596129.3616
CHLD 0 252.554688 1677596129.3725
CHLD 1 372.781250 1677596129.3725
CHLD 2 369.117188 1677596129.3725
CHLD 3 361.312500 1677596129.3726
CHLD 4 348.410156 1677596129.3726
CHLD 5 353.687500 1677596129.3726
CHLD 6 347.925781 1677596129.3726
CHLD 7 296.308594 1677596129.3726
CHLD 8 370.890625 1677596129.3726
CHLD 9 348.398438 1677596129.3726
CHLD 10 374.066406 1677596129.3726
MEM 5561.386719 1677596129.4853
CHLD 0 252.554688 1677596129.4960
CHLD 1 375.468750 1677596129.4960
CHLD 2 369.117188 1677596129.4960
CHLD 3 580.800781 1677596129.4960
CHLD 4 348.410156 1677596129.4961
CHLD 5 353.687500 1677596129.4961
CHLD 6 347.925781 1677596129.4961
CHLD 7 328.632812 1677596129.4961
CHLD 8 370.890625 1677596129.4961
CHLD 9 348.398438 1677596129.4961
CHLD 10 487.375000 1677596129.4961
MEM 5629.417969 1677596129.6087
CHLD 0 252.554688 1677596129.6198
CHLD 1 375.468750 1677596129.6198
CHLD 2 369.117188 1677596129.6198
CHLD 3 356.863281 1677596129.6198
CHLD 4 348.410156 1677596129.6199
CHLD 5 353.687500 1677596129.6199
CHLD 6 347.925781 1677596129.6199
CHLD 7 328.699219 1677596129.6199
CHLD 8 370.890625 1677596129.6199
CHLD 9 348.398438 1677596129.6199
CHLD 10 518.890625 1677596129.6199
MEM 5684.726562 1677596129.7327
CHLD 0 252.554688 1677596129.7437
CHLD 1 375.468750 1677596129.7437
CHLD 2 454.269531 1677596129.7437
CHLD 3 358.976562 1677596129.7437
CHLD 4 348.410156 1677596129.7437
CHLD 5 353.687500 1677596129.7437
CHLD 6 347.925781 1677596129.7437
CHLD 7 356.574219 1677596129.7438
CHLD 8 372.890625 1677596129.7438
CHLD 9 348.398438 1677596129.7438
CHLD 10 518.890625 1677596129.7438
MEM 5745.410156 1677596129.8565
CHLD 0 252.554688 1677596129.8678
CHLD 1 375.468750 1677596129.8678
CHLD 2 483.253906 1677596129.8678
CHLD 3 359.113281 1677596129.8679
CHLD 4 348.410156 1677596129.8679
CHLD 5 353.687500 1677596129.8679
CHLD 6 347.925781 1677596129.8679
CHLD 7 359.398438 1677596129.8679
CHLD 8 372.890625 1677596129.8679
CHLD 9 348.398438 1677596129.8679
CHLD 10 518.890625 1677596129.8680
MEM 5627.593750 1677596129.9806
CHLD 0 252.554688 1677596129.9909
CHLD 1 375.468750 1677596129.9909
CHLD 2 483.253906 1677596129.9909
CHLD 3 359.113281 1677596129.9910
CHLD 4 348.410156 1677596129.9910
CHLD 5 376.085938 1677596129.9910
CHLD 6 347.925781 1677596129.9910
CHLD 7 359.429688 1677596129.9910
CHLD 8 372.890625 1677596129.9910
CHLD 9 348.398438 1677596129.9910
CHLD 10 295.406250 1677596129.9910
MEM 5666.890625 1677596130.1040
CHLD 0 252.554688 1677596130.1157
CHLD 1 375.468750 1677596130.1157
CHLD 2 483.253906 1677596130.1157
CHLD 3 378.093750 1677596130.1157
CHLD 4 348.410156 1677596130.1158
CHLD 5 376.386719 1677596130.1158
CHLD 6 347.925781 1677596130.1158
CHLD 7 376.667969 1677596130.1158
CHLD 8 372.890625 1677596130.1158
CHLD 9 348.398438 1677596130.1158
CHLD 10 298.125000 1677596130.1158
MEM 5580.035156 1677596130.2285
CHLD 0 252.554688 1677596130.2389
CHLD 1 375.468750 1677596130.2390
CHLD 2 301.449219 1677596130.2390
CHLD 3 382.546875 1677596130.2390
CHLD 4 348.410156 1677596130.2390
CHLD 5 376.335938 1677596130.2390
CHLD 6 347.925781 1677596130.2390
CHLD 7 384.550781 1677596130.2391
CHLD 8 372.890625 1677596130.2391
CHLD 9 348.398438 1677596130.2391
CHLD 10 298.203125 1677596130.2391
MEM 5659.621094 1677596130.3517
CHLD 0 252.554688 1677596130.3625
CHLD 1 375.468750 1677596130.3625
CHLD 2 302.515625 1677596130.3625
CHLD 3 382.546875 1677596130.3625
CHLD 4 348.410156 1677596130.3625
CHLD 5 376.335938 1677596130.3625
CHLD 6 347.925781 1677596130.3625
CHLD 7 384.550781 1677596130.3626
CHLD 8 458.101562 1677596130.3626
CHLD 9 348.398438 1677596130.3626
CHLD 10 308.554688 1677596130.3626
MEM 5821.769531 1677596130.4754
CHLD 0 252.554688 1677596130.4871
CHLD 1 375.468750 1677596130.4871
CHLD 2 302.027344 1677596130.4871
CHLD 3 382.546875 1677596130.4871
CHLD 4 348.410156 1677596130.4872
CHLD 5 376.335938 1677596130.4872
CHLD 6 347.925781 1677596130.4872
CHLD 7 384.550781 1677596130.4872
CHLD 8 515.703125 1677596130.4872
CHLD 9 348.398438 1677596130.4872
CHLD 10 342.199219 1677596130.4872
MEM 5772.085938 1677596130.6001
CHLD 0 252.554688 1677596130.6113
CHLD 1 375.468750 1677596130.6114
CHLD 2 305.046875 1677596130.6114
CHLD 3 382.546875 1677596130.6114
CHLD 4 348.410156 1677596130.6114
CHLD 5 392.371094 1677596130.6114
CHLD 6 347.925781 1677596130.6115
CHLD 7 384.550781 1677596130.6115
CHLD 8 364.804688 1677596130.6115
CHLD 9 348.398438 1677596130.6115
CHLD 10 342.199219 1677596130.6115
MEM 5796.375000 1677596130.7242
CHLD 0 252.554688 1677596130.7351
CHLD 1 377.468750 1677596130.7351
CHLD 2 344.890625 1677596130.7351
CHLD 3 382.546875 1677596130.7351
CHLD 4 348.410156 1677596130.7351
CHLD 5 400.878906 1677596130.7351
CHLD 6 347.925781 1677596130.7352
CHLD 7 384.550781 1677596130.7352
CHLD 8 364.566406 1677596130.7352
CHLD 9 348.398438 1677596130.7352
CHLD 10 342.199219 1677596130.7352
MEM 5807.882812 1677596130.8469
CHLD 0 252.554688 1677596130.8574
CHLD 1 377.468750 1677596130.8574
CHLD 2 344.890625 1677596130.8574
CHLD 3 382.546875 1677596130.8575
CHLD 4 348.410156 1677596130.8575
CHLD 5 400.878906 1677596130.8575
CHLD 6 347.925781 1677596130.8575
CHLD 7 390.332031 1677596130.8575
CHLD 8 364.566406 1677596130.8575
CHLD 9 348.398438 1677596130.8575
CHLD 10 345.925781 1677596130.8575
MEM 5814.222656 1677596130.9692
CHLD 0 252.554688 1677596130.9799
CHLD 1 377.468750 1677596130.9800
CHLD 2 344.890625 1677596130.9800
CHLD 3 382.546875 1677596130.9800
CHLD 4 348.410156 1677596130.9800
CHLD 5 400.878906 1677596130.9800
CHLD 6 347.925781 1677596130.9800
CHLD 7 390.332031 1677596130.9800
CHLD 8 372.906250 1677596130.9801
CHLD 9 348.398438 1677596130.9801
CHLD 10 345.925781 1677596130.9801
MEM 5949.335938 1677596131.0928
CHLD 0 252.554688 1677596131.1041
CHLD 1 495.070312 1677596131.1041
CHLD 2 349.140625 1677596131.1041
CHLD 3 382.546875 1677596131.1041
CHLD 4 370.574219 1677596131.1042
CHLD 5 401.089844 1677596131.1042
CHLD 6 347.925781 1677596131.1042
CHLD 7 390.394531 1677596131.1042
CHLD 8 388.171875 1677596131.1042
CHLD 9 348.398438 1677596131.1042
CHLD 10 345.925781 1677596131.1042
MEM 6046.109375 1677596131.2170
CHLD 0 252.554688 1677596131.2285
CHLD 1 494.550781 1677596131.2285
CHLD 2 349.140625 1677596131.2285
CHLD 3 382.546875 1677596131.2286
CHLD 4 370.808594 1677596131.2286
CHLD 5 401.089844 1677596131.2286
CHLD 6 347.925781 1677596131.2286
CHLD 7 390.394531 1677596131.2286
CHLD 8 388.171875 1677596131.2286
CHLD 9 348.398438 1677596131.2286
CHLD 10 346.148438 1677596131.2287
MEM 5974.222656 1677596131.3415
CHLD 0 252.554688 1677596131.3531
CHLD 1 339.101562 1677596131.3531
CHLD 2 349.140625 1677596131.3531
CHLD 3 382.582031 1677596131.3532
CHLD 4 370.808594 1677596131.3532
CHLD 5 405.089844 1677596131.3532
CHLD 6 347.925781 1677596131.3532
CHLD 7 406.542969 1677596131.3532
CHLD 8 388.171875 1677596131.3532
CHLD 9 348.398438 1677596131.3532
CHLD 10 346.148438 1677596131.3533
MEM 6074.601562 1677596131.4660
CHLD 0 252.554688 1677596131.4779
CHLD 1 298.210938 1677596131.4779
CHLD 2 349.140625 1677596131.4779
CHLD 3 382.582031 1677596131.4779
CHLD 4 380.773438 1677596131.4780
CHLD 5 405.089844 1677596131.4780
CHLD 6 347.925781 1677596131.4780
CHLD 7 557.750000 1677596131.4780
CHLD 8 388.171875 1677596131.4780
CHLD 9 348.398438 1677596131.4780
CHLD 10 346.148438 1677596131.4780
MEM 5963.867188 1677596131.5909
CHLD 0 252.554688 1677596131.6022
CHLD 1 298.210938 1677596131.6023
CHLD 2 349.308594 1677596131.6023
CHLD 3 382.582031 1677596131.6023
CHLD 4 380.984375 1677596131.6023
CHLD 5 405.089844 1677596131.6023
CHLD 6 347.925781 1677596131.6023
CHLD 7 339.097656 1677596131.6023
CHLD 8 388.171875 1677596131.6024
CHLD 9 348.398438 1677596131.6024
CHLD 10 348.148438 1677596131.6024
MEM 5972.757812 1677596131.7149
CHLD 0 252.554688 1677596131.7255
CHLD 1 337.945312 1677596131.7255
CHLD 2 349.308594 1677596131.7255
CHLD 3 382.582031 1677596131.7255
CHLD 4 380.984375 1677596131.7255
CHLD 5 405.089844 1677596131.7255
CHLD 6 347.925781 1677596131.7256
CHLD 7 297.046875 1677596131.7256
CHLD 8 388.171875 1677596131.7256
CHLD 9 348.398438 1677596131.7256
CHLD 10 348.148438 1677596131.7256
MEM 5982.898438 1677596131.8379
CHLD 0 252.554688 1677596131.8496
CHLD 1 337.945312 1677596131.8496
CHLD 2 349.308594 1677596131.8496
CHLD 3 382.582031 1677596131.8496
CHLD 4 380.984375 1677596131.8496
CHLD 5 405.089844 1677596131.8497
CHLD 6 347.925781 1677596131.8497
CHLD 7 335.199219 1677596131.8497
CHLD 8 388.171875 1677596131.8497
CHLD 9 348.398438 1677596131.8497
CHLD 10 348.148438 1677596131.8497
MEM 6042.820312 1677596131.9623
CHLD 0 252.554688 1677596131.9729
CHLD 1 341.671875 1677596131.9729
CHLD 2 349.308594 1677596131.9730
CHLD 3 382.582031 1677596131.9730
CHLD 4 380.984375 1677596131.9730
CHLD 5 405.089844 1677596131.9730
CHLD 6 347.925781 1677596131.9730
CHLD 7 363.382812 1677596131.9730
CHLD 8 388.171875 1677596131.9730
CHLD 9 348.398438 1677596131.9731
CHLD 10 348.148438 1677596131.9731
MEM 6046.257812 1677596132.0850
CHLD 0 252.554688 1677596132.0954
CHLD 1 341.671875 1677596132.0954
CHLD 2 349.308594 1677596132.0954
CHLD 3 382.582031 1677596132.0954
CHLD 4 380.984375 1677596132.0955
CHLD 5 405.089844 1677596132.0955
CHLD 6 347.925781 1677596132.0955
CHLD 7 366.820312 1677596132.0955
CHLD 8 388.171875 1677596132.0955
CHLD 9 348.398438 1677596132.0955
CHLD 10 348.148438 1677596132.0955
MEM 6046.257812 1677596132.2067
CHLD 0 252.554688 1677596132.2172
CHLD 1 341.671875 1677596132.2172
CHLD 2 349.308594 1677596132.2172
CHLD 3 382.582031 1677596132.2172
CHLD 4 380.984375 1677596132.2172
CHLD 5 405.089844 1677596132.2173
CHLD 6 347.925781 1677596132.2173
CHLD 7 366.820312 1677596132.2173
CHLD 8 388.171875 1677596132.2173
CHLD 9 348.398438 1677596132.2173
CHLD 10 348.148438 1677596132.2173
MEM 6048.515625 1677596132.3288
CHLD 0 252.554688 1677596132.3391
CHLD 1 341.671875 1677596132.3391
CHLD 2 349.308594 1677596132.3391
CHLD 3 382.582031 1677596132.3391
CHLD 4 382.984375 1677596132.3391
CHLD 5 405.089844 1677596132.3392
CHLD 6 347.925781 1677596132.3392
CHLD 7 367.078125 1677596132.3392
CHLD 8 388.171875 1677596132.3392
CHLD 9 348.398438 1677596132.3392
CHLD 10 348.148438 1677596132.3392
MEM 6049.121094 1677596132.4500
CHLD 0 252.554688 1677596132.4604
CHLD 1 341.671875 1677596132.4604
CHLD 2 349.308594 1677596132.4604
CHLD 3 382.582031 1677596132.4604
CHLD 4 382.984375 1677596132.4604
CHLD 5 405.089844 1677596132.4604
CHLD 6 347.925781 1677596132.4605
CHLD 7 386.777344 1677596132.4605
CHLD 8 388.171875 1677596132.4605
CHLD 9 348.398438 1677596132.4605
CHLD 10 348.148438 1677596132.4605
MEM 6189.878906 1677596132.5732
CHLD 0 252.554688 1677596132.5851
CHLD 1 341.671875 1677596132.5851
CHLD 2 349.308594 1677596132.5851
CHLD 3 382.582031 1677596132.5852
CHLD 4 382.984375 1677596132.5852
CHLD 5 405.089844 1677596132.5852
CHLD 6 347.925781 1677596132.5852
CHLD 7 508.441406 1677596132.5852
CHLD 8 388.171875 1677596132.5852
CHLD 9 348.398438 1677596132.5852
CHLD 10 348.148438 1677596132.5853
MEM 6178.078125 1677596132.6984
CHLD 0 252.554688 1677596132.7091
CHLD 1 341.671875 1677596132.7091
CHLD 2 349.308594 1677596132.7091
CHLD 3 382.582031 1677596132.7091
CHLD 4 382.984375 1677596132.7091
CHLD 5 407.089844 1677596132.7092
CHLD 6 347.925781 1677596132.7092
CHLD 7 296.242188 1677596132.7092
CHLD 8 388.171875 1677596132.7092
CHLD 9 348.398438 1677596132.7092
CHLD 10 348.148438 1677596132.7092
MEM 6109.582031 1677596132.8218
CHLD 0 252.554688 1677596132.8322
CHLD 1 341.671875 1677596132.8323
CHLD 2 349.308594 1677596132.8323
CHLD 3 382.582031 1677596132.8323
CHLD 4 382.984375 1677596132.8323
CHLD 5 407.089844 1677596132.8323
CHLD 6 370.945312 1677596132.8323
CHLD 7 296.667969 1677596132.8323
CHLD 8 388.171875 1677596132.8324
CHLD 9 348.398438 1677596132.8324
CHLD 10 348.148438 1677596132.8324
MEM 6180.136719 1677596132.9452
CHLD 0 252.554688 1677596132.9566
CHLD 1 341.671875 1677596132.9566
CHLD 2 349.308594 1677596132.9566
CHLD 3 382.582031 1677596132.9566
CHLD 4 382.984375 1677596132.9567
CHLD 5 407.089844 1677596132.9567
CHLD 6 370.761719 1677596132.9567
CHLD 7 360.593750 1677596132.9567
CHLD 8 388.171875 1677596132.9567
CHLD 9 348.398438 1677596132.9567
CHLD 10 348.148438 1677596132.9567
MEM 6275.375000 1677596133.0702
CHLD 0 252.554688 1677596133.0821
CHLD 1 341.671875 1677596133.0821
CHLD 2 349.308594 1677596133.0821
CHLD 3 382.582031 1677596133.0822
CHLD 4 382.984375 1677596133.0822
CHLD 5 407.089844 1677596133.0822
CHLD 6 370.324219 1677596133.0822
CHLD 7 482.066406 1677596133.0822
CHLD 8 388.171875 1677596133.0822
CHLD 9 348.398438 1677596133.0823
CHLD 10 348.148438 1677596133.0823
MEM 6360.933594 1677596133.1952
CHLD 0 252.554688 1677596133.2073
CHLD 1 341.671875 1677596133.2073
CHLD 2 349.308594 1677596133.2074
CHLD 3 382.582031 1677596133.2074
CHLD 4 382.984375 1677596133.2074
CHLD 5 407.089844 1677596133.2074
CHLD 6 370.324219 1677596133.2074
CHLD 7 475.402344 1677596133.2075
CHLD 8 388.171875 1677596133.2075
CHLD 9 348.398438 1677596133.2075
CHLD 10 348.148438 1677596133.2075
MEM 6371.531250 1677596133.3208
CHLD 0 252.554688 1677596133.3328
CHLD 1 341.671875 1677596133.3328
CHLD 2 349.308594 1677596133.3328
CHLD 3 382.582031 1677596133.3328
CHLD 4 382.984375 1677596133.3328
CHLD 5 407.089844 1677596133.3329
CHLD 6 378.757812 1677596133.3329
CHLD 7 296.414062 1677596133.3329
CHLD 8 388.171875 1677596133.3329
CHLD 9 348.398438 1677596133.3329
CHLD 10 348.148438 1677596133.3329
MEM 6302.402344 1677596133.4455
CHLD 0 252.554688 1677596133.4561
CHLD 1 341.671875 1677596133.4561
CHLD 2 349.308594 1677596133.4561
CHLD 3 382.582031 1677596133.4562
CHLD 4 384.984375 1677596133.4562
CHLD 5 407.089844 1677596133.4562
CHLD 6 381.230469 1677596133.4562
CHLD 7 357.648438 1677596133.4562
CHLD 8 388.171875 1677596133.4562
CHLD 9 348.398438 1677596133.4562
CHLD 10 348.148438 1677596133.4562
MEM 6302.632812 1677596133.5673
CHLD 0 252.554688 1677596133.5777
CHLD 1 341.671875 1677596133.5777
CHLD 2 349.308594 1677596133.5777
CHLD 3 382.582031 1677596133.5777
CHLD 4 384.984375 1677596133.5778
CHLD 5 407.089844 1677596133.5778
CHLD 6 381.230469 1677596133.5778
CHLD 7 357.878906 1677596133.5778
CHLD 8 388.171875 1677596133.5778
CHLD 9 348.398438 1677596133.5778
CHLD 10 348.148438 1677596133.5778
MEM 6302.632812 1677596133.6895
CHLD 0 252.554688 1677596133.6999
CHLD 1 341.671875 1677596133.7000
CHLD 2 349.308594 1677596133.7000
CHLD 3 382.582031 1677596133.7000
CHLD 4 384.984375 1677596133.7000
CHLD 5 407.089844 1677596133.7000
CHLD 6 381.230469 1677596133.7000
CHLD 7 357.878906 1677596133.7001
CHLD 8 388.171875 1677596133.7001
CHLD 9 348.398438 1677596133.7001
CHLD 10 348.148438 1677596133.7001
MEM 6302.855469 1677596133.8120
CHLD 0 252.554688 1677596133.8224
CHLD 1 341.671875 1677596133.8224
CHLD 2 349.308594 1677596133.8224
CHLD 3 382.582031 1677596133.8224
CHLD 4 384.984375 1677596133.8224
CHLD 5 407.089844 1677596133.8224
CHLD 6 381.453125 1677596133.8225
CHLD 7 357.878906 1677596133.8225
CHLD 8 388.171875 1677596133.8225
CHLD 9 348.398438 1677596133.8225
CHLD 10 348.148438 1677596133.8225
MEM 6336.964844 1677596133.9352
CHLD 0 252.554688 1677596133.9470
CHLD 1 366.234375 1677596133.9470
CHLD 2 349.308594 1677596133.9470
CHLD 3 382.582031 1677596133.9471
CHLD 4 384.984375 1677596133.9471
CHLD 5 407.089844 1677596133.9471
CHLD 6 381.453125 1677596133.9471
CHLD 7 381.988281 1677596133.9471
CHLD 8 388.171875 1677596133.9471
CHLD 9 348.398438 1677596133.9471
CHLD 10 348.148438 1677596133.9472
MEM 6352.902344 1677596134.0598
CHLD 0 252.554688 1677596134.0704
CHLD 1 366.070312 1677596134.0704
CHLD 2 349.308594 1677596134.0704
CHLD 3 382.582031 1677596134.0705
CHLD 4 384.984375 1677596134.0705
CHLD 5 407.089844 1677596134.0705
CHLD 6 381.453125 1677596134.0705
CHLD 7 383.527344 1677596134.0705
CHLD 8 388.171875 1677596134.0705
CHLD 9 348.398438 1677596134.0705
CHLD 10 348.148438 1677596134.0706
MEM 6360.175781 1677596134.1827
CHLD 0 252.554688 1677596134.1938
CHLD 1 372.113281 1677596134.1938
CHLD 2 349.308594 1677596134.1938
CHLD 3 382.582031 1677596134.1938
CHLD 4 384.984375 1677596134.1938
CHLD 5 407.089844 1677596134.1938
CHLD 6 383.453125 1677596134.1939
CHLD 7 383.527344 1677596134.1939
CHLD 8 388.171875 1677596134.1939
CHLD 9 348.398438 1677596134.1939
CHLD 10 348.148438 1677596134.1939
MEM 6361.582031 1677596134.3059
CHLD 0 252.554688 1677596134.3166
CHLD 1 372.601562 1677596134.3166
CHLD 2 349.308594 1677596134.3166
CHLD 3 382.582031 1677596134.3166
CHLD 4 384.984375 1677596134.3166
CHLD 5 407.089844 1677596134.3166
CHLD 6 383.453125 1677596134.3167
CHLD 7 383.675781 1677596134.3167
CHLD 8 388.171875 1677596134.3167
CHLD 9 348.398438 1677596134.3167
CHLD 10 348.148438 1677596134.3167
MEM 6361.582031 1677596134.4281
CHLD 0 252.554688 1677596134.4384
CHLD 1 372.601562 1677596134.4384
CHLD 2 349.308594 1677596134.4384
CHLD 3 382.582031 1677596134.4384
CHLD 4 384.984375 1677596134.4385
CHLD 5 407.089844 1677596134.4385
CHLD 6 383.453125 1677596134.4385
CHLD 7 383.675781 1677596134.4385
CHLD 8 388.171875 1677596134.4385
CHLD 9 348.398438 1677596134.4385
CHLD 10 348.148438 1677596134.4385
MEM 6466.046875 1677596134.5503
CHLD 0 252.554688 1677596134.5609
CHLD 1 375.468750 1677596134.5609
CHLD 2 349.308594 1677596134.5609
CHLD 3 382.582031 1677596134.5609
CHLD 4 384.984375 1677596134.5609
CHLD 5 526.105469 1677596134.5609
CHLD 6 383.453125 1677596134.5610
CHLD 7 388.128906 1677596134.5610
CHLD 8 388.171875 1677596134.5610
CHLD 9 348.398438 1677596134.5610
CHLD 10 348.148438 1677596134.5610
MEM 6734.015625 1677596134.6739
CHLD 0 252.554688 1677596134.6850
CHLD 1 375.468750 1677596134.6850
CHLD 2 349.308594 1677596134.6851
CHLD 3 382.582031 1677596134.6851
CHLD 4 522.578125 1677596134.6851
CHLD 5 526.171875 1677596134.6851
CHLD 6 383.453125 1677596134.6851
CHLD 7 388.128906 1677596134.6851
CHLD 8 388.171875 1677596134.6851
CHLD 9 348.398438 1677596134.6852
CHLD 10 348.148438 1677596134.6852
MEM 6674.585938 1677596134.7979
CHLD 0 252.554688 1677596134.8084
CHLD 1 375.468750 1677596134.8084
CHLD 2 349.308594 1677596134.8085
CHLD 3 382.582031 1677596134.8085
CHLD 4 522.578125 1677596134.8085
CHLD 5 295.859375 1677596134.8085
CHLD 6 383.453125 1677596134.8085
CHLD 7 388.128906 1677596134.8085
CHLD 8 392.292969 1677596134.8085
CHLD 9 348.398438 1677596134.8086
CHLD 10 348.148438 1677596134.8086
MEM 6546.257812 1677596134.9215
CHLD 0 252.554688 1677596134.9327
CHLD 1 375.468750 1677596134.9327
CHLD 2 349.308594 1677596134.9327
CHLD 3 382.582031 1677596134.9327
CHLD 4 522.578125 1677596134.9328
CHLD 5 298.265625 1677596134.9328
CHLD 6 383.453125 1677596134.9328
CHLD 7 388.128906 1677596134.9328
CHLD 8 392.050781 1677596134.9328
CHLD 9 370.792969 1677596134.9328
CHLD 10 348.148438 1677596134.9329
MEM 6533.894531 1677596135.0473
CHLD 0 252.554688 1677596135.0605
CHLD 1 377.468750 1677596135.0605
CHLD 2 349.308594 1677596135.0605
CHLD 3 382.582031 1677596135.0605
CHLD 4 309.984375 1677596135.0605
CHLD 5 299.800781 1677596135.0605
CHLD 6 383.453125 1677596135.0606
CHLD 7 388.128906 1677596135.0606
CHLD 8 392.050781 1677596135.0606
CHLD 9 370.796875 1677596135.0606
CHLD 10 348.148438 1677596135.0606
MEM 6531.695312 1677596135.1736
CHLD 0 252.554688 1677596135.1842
CHLD 1 377.468750 1677596135.1842
CHLD 2 349.308594 1677596135.1842
CHLD 3 382.582031 1677596135.1842
CHLD 4 296.343750 1677596135.1842
CHLD 5 299.800781 1677596135.1843
CHLD 6 383.453125 1677596135.1843
CHLD 7 390.128906 1677596135.1843
CHLD 8 397.785156 1677596135.1843
CHLD 9 370.796875 1677596135.1843
CHLD 10 348.148438 1677596135.1843
MEM 6669.628906 1677596135.2970
CHLD 0 252.554688 1677596135.3086
CHLD 1 489.890625 1677596135.3087
CHLD 2 349.308594 1677596135.3087
CHLD 3 382.582031 1677596135.3087
CHLD 4 298.933594 1677596135.3087
CHLD 5 318.699219 1677596135.3087
CHLD 6 383.453125 1677596135.3087
CHLD 7 524.171875 1677596135.3088
CHLD 8 397.785156 1677596135.3088
CHLD 9 370.796875 1677596135.3088
CHLD 10 348.148438 1677596135.3088
MEM 6870.375000 1677596135.4233
CHLD 0 252.554688 1677596135.4346
CHLD 1 494.550781 1677596135.4346
CHLD 2 349.308594 1677596135.4346
CHLD 3 382.582031 1677596135.4346
CHLD 4 301.664062 1677596135.4347
CHLD 5 348.050781 1677596135.4347
CHLD 6 383.453125 1677596135.4347
CHLD 7 398.144531 1677596135.4347
CHLD 8 397.785156 1677596135.4347
CHLD 9 381.613281 1677596135.4347
CHLD 10 348.148438 1677596135.4347
MEM 6736.480469 1677596135.5477
CHLD 0 252.554688 1677596135.5589
CHLD 1 494.550781 1677596135.5589
CHLD 2 349.308594 1677596135.5589
CHLD 3 382.582031 1677596135.5589
CHLD 4 342.503906 1677596135.5590
CHLD 5 348.050781 1677596135.5590
CHLD 6 383.453125 1677596135.5590
CHLD 7 295.925781 1677596135.5590
CHLD 8 401.871094 1677596135.5590
CHLD 9 387.125000 1677596135.5590
CHLD 10 348.148438 1677596135.5590
MEM 6792.167969 1677596135.6711
CHLD 0 252.554688 1677596135.6819
CHLD 1 295.718750 1677596135.6819
CHLD 2 349.308594 1677596135.6819
CHLD 3 382.582031 1677596135.6819
CHLD 4 342.683594 1677596135.6819
CHLD 5 348.210938 1677596135.6819
CHLD 6 383.453125 1677596135.6819
CHLD 7 300.222656 1677596135.6820
CHLD 8 401.871094 1677596135.6820
CHLD 9 387.343750 1677596135.6820
CHLD 10 348.148438 1677596135.6820
MEM 6666.320312 1677596135.7948
CHLD 0 252.554688 1677596135.8057
CHLD 1 296.125000 1677596135.8057
CHLD 2 349.308594 1677596135.8057
CHLD 3 382.582031 1677596135.8058
CHLD 4 342.683594 1677596135.8058
CHLD 5 348.210938 1677596135.8058
CHLD 6 383.453125 1677596135.8058
CHLD 7 300.222656 1677596135.8058
CHLD 8 401.871094 1677596135.8058
CHLD 9 387.343750 1677596135.8058
CHLD 10 348.148438 1677596135.8059
MEM 6641.296875 1677596135.9178
CHLD 0 252.554688 1677596135.9287
CHLD 1 299.402344 1677596135.9287
CHLD 2 349.308594 1677596135.9287
CHLD 3 382.582031 1677596135.9287
CHLD 4 346.335938 1677596135.9288
CHLD 5 351.937500 1677596135.9288
CHLD 6 383.453125 1677596135.9288
CHLD 7 313.851562 1677596135.9288
CHLD 8 401.871094 1677596135.9288
CHLD 9 389.343750 1677596135.9288
CHLD 10 348.148438 1677596135.9288
MEM 6672.117188 1677596136.0405
CHLD 0 252.554688 1677596136.0507
CHLD 1 299.402344 1677596136.0507
CHLD 2 349.308594 1677596136.0508
CHLD 3 382.582031 1677596136.0508
CHLD 4 346.335938 1677596136.0508
CHLD 5 351.937500 1677596136.0508
CHLD 6 383.453125 1677596136.0508
CHLD 7 342.867188 1677596136.0508
CHLD 8 401.871094 1677596136.0508
CHLD 9 389.343750 1677596136.0509
CHLD 10 348.148438 1677596136.0509
MEM 6715.496094 1677596136.1626
CHLD 0 252.554688 1677596136.1730
CHLD 1 370.679688 1677596136.1730
CHLD 2 349.308594 1677596136.1730
CHLD 3 382.582031 1677596136.1730
CHLD 4 346.335938 1677596136.1730
CHLD 5 351.937500 1677596136.1730
CHLD 6 383.453125 1677596136.1730
CHLD 7 342.867188 1677596136.1731
CHLD 8 401.871094 1677596136.1731
CHLD 9 389.343750 1677596136.1731
CHLD 10 348.148438 1677596136.1731
MEM 6768.015625 1677596136.2853
CHLD 0 252.554688 1677596136.2968
CHLD 1 371.296875 1677596136.2968
CHLD 2 349.308594 1677596136.2969
CHLD 3 382.582031 1677596136.2969
CHLD 4 371.296875 1677596136.2969
CHLD 5 351.937500 1677596136.2969
CHLD 6 383.453125 1677596136.2969
CHLD 7 342.933594 1677596136.2969
CHLD 8 401.871094 1677596136.2970
CHLD 9 389.343750 1677596136.2970
CHLD 10 348.148438 1677596136.2970
MEM 6774.554688 1677596136.4086
CHLD 0 252.554688 1677596136.4189
CHLD 1 371.046875 1677596136.4189
CHLD 2 349.308594 1677596136.4189
CHLD 3 382.582031 1677596136.4189
CHLD 4 371.335938 1677596136.4189
CHLD 5 371.937500 1677596136.4189
CHLD 6 383.453125 1677596136.4189
CHLD 7 346.660156 1677596136.4190
CHLD 8 401.871094 1677596136.4190
CHLD 9 389.343750 1677596136.4190
CHLD 10 348.148438 1677596136.4190
MEM 6800.425781 1677596136.5307
CHLD 0 252.554688 1677596136.5411
CHLD 1 376.171875 1677596136.5411
CHLD 2 349.308594 1677596136.5411
CHLD 3 382.582031 1677596136.5411
CHLD 4 371.058594 1677596136.5411
CHLD 5 376.359375 1677596136.5411
CHLD 6 383.453125 1677596136.5412
CHLD 7 346.660156 1677596136.5412
CHLD 8 401.871094 1677596136.5412
CHLD 9 391.343750 1677596136.5412
CHLD 10 348.148438 1677596136.5412
MEM 7013.351562 1677596136.6518
CHLD 0 252.554688 1677596136.6617
CHLD 1 545.312500 1677596136.6617
CHLD 2 349.308594 1677596136.6617
CHLD 3 382.582031 1677596136.6617
CHLD 4 371.058594 1677596136.6617
CHLD 5 376.335938 1677596136.6617
CHLD 6 383.453125 1677596136.6618
CHLD 7 346.660156 1677596136.6618
CHLD 8 401.871094 1677596136.6618
CHLD 9 391.343750 1677596136.6618
CHLD 10 348.148438 1677596136.6618
MEM 6898.082031 1677596136.7745
CHLD 0 252.554688 1677596136.7853
CHLD 1 295.968750 1677596136.7853
CHLD 2 349.308594 1677596136.7854
CHLD 3 382.582031 1677596136.7854
CHLD 4 383.558594 1677596136.7854
CHLD 5 376.335938 1677596136.7854
CHLD 6 383.453125 1677596136.7854
CHLD 7 346.660156 1677596136.7854
CHLD 8 401.871094 1677596136.7855
CHLD 9 391.343750 1677596136.7855
CHLD 10 348.148438 1677596136.7855
MEM 6929.636719 1677596136.8982
CHLD 0 252.554688 1677596136.9088
CHLD 1 296.613281 1677596136.9088
CHLD 2 349.308594 1677596136.9088
CHLD 3 382.582031 1677596136.9088
CHLD 4 383.558594 1677596136.9089
CHLD 5 377.605469 1677596136.9089
CHLD 6 383.453125 1677596136.9089
CHLD 7 370.839844 1677596136.9089
CHLD 8 401.871094 1677596136.9089
CHLD 9 391.343750 1677596136.9089
CHLD 10 348.148438 1677596136.9089
MEM 6888.734375 1677596137.0202
CHLD 0 252.554688 1677596137.0306
CHLD 1 298.468750 1677596137.0306
CHLD 2 349.308594 1677596137.0306
CHLD 3 382.582031 1677596137.0306
CHLD 4 383.558594 1677596137.0306
CHLD 5 390.316406 1677596137.0306
CHLD 6 383.453125 1677596137.0306
CHLD 7 371.058594 1677596137.0307
CHLD 8 401.871094 1677596137.0307
CHLD 9 391.343750 1677596137.0307
CHLD 10 348.148438 1677596137.0307
MEM 6925.890625 1677596137.1415
CHLD 0 252.554688 1677596137.1516
CHLD 1 353.769531 1677596137.1516
CHLD 2 349.308594 1677596137.1516
CHLD 3 382.582031 1677596137.1517
CHLD 4 383.558594 1677596137.1517
CHLD 5 393.132812 1677596137.1517
CHLD 6 385.453125 1677596137.1517
CHLD 7 371.058594 1677596137.1517
CHLD 8 401.871094 1677596137.1517
CHLD 9 391.343750 1677596137.1517
CHLD 10 348.148438 1677596137.1518
MEM 7088.976562 1677596137.2640
CHLD 0 252.554688 1677596137.2745
CHLD 1 366.320312 1677596137.2746
CHLD 2 349.308594 1677596137.2746
CHLD 3 382.582031 1677596137.2746
CHLD 4 388.109375 1677596137.2746
CHLD 5 393.132812 1677596137.2746
CHLD 6 385.453125 1677596137.2746
CHLD 7 518.988281 1677596137.2747
CHLD 8 401.871094 1677596137.2747
CHLD 9 391.343750 1677596137.2747
CHLD 10 348.148438 1677596137.2747
MEM 7228.558594 1677596137.3861
CHLD 0 252.554688 1677596137.3963
CHLD 1 366.320312 1677596137.3964
CHLD 2 349.308594 1677596137.3964
CHLD 3 382.582031 1677596137.3964
CHLD 4 388.109375 1677596137.3964
CHLD 5 393.132812 1677596137.3964
CHLD 6 385.453125 1677596137.3964
CHLD 7 549.742188 1677596137.3965
CHLD 8 401.871094 1677596137.3965
CHLD 9 391.343750 1677596137.3965
CHLD 10 348.148438 1677596137.3965
MEM 7200.886719 1677596137.5084
CHLD 0 252.554688 1677596137.5188
CHLD 1 511.222656 1677596137.5188
CHLD 2 349.308594 1677596137.5188
CHLD 3 382.582031 1677596137.5188
CHLD 4 388.109375 1677596137.5188
CHLD 5 393.132812 1677596137.5188
CHLD 6 385.453125 1677596137.5189
CHLD 7 295.902344 1677596137.5189
CHLD 8 401.871094 1677596137.5189
CHLD 9 391.343750 1677596137.5189
CHLD 10 348.148438 1677596137.5189
MEM 7198.273438 1677596137.6304
CHLD 0 252.554688 1677596137.6412
CHLD 1 295.968750 1677596137.6412
CHLD 2 349.308594 1677596137.6412
CHLD 3 382.582031 1677596137.6412
CHLD 4 388.109375 1677596137.6412
CHLD 5 393.132812 1677596137.6412
CHLD 6 385.453125 1677596137.6412
CHLD 7 298.261719 1677596137.6413
CHLD 8 401.871094 1677596137.6413
CHLD 9 391.343750 1677596137.6413
CHLD 10 348.148438 1677596137.6413
MEM 7049.437500 1677596137.7523
CHLD 0 252.554688 1677596137.7624
CHLD 1 295.968750 1677596137.7624
CHLD 2 349.308594 1677596137.7624
CHLD 3 382.582031 1677596137.7624
CHLD 4 388.109375 1677596137.7625
CHLD 5 398.386719 1677596137.7625
CHLD 6 385.453125 1677596137.7625
CHLD 7 357.234375 1677596137.7625
CHLD 8 401.871094 1677596137.7625
CHLD 9 391.343750 1677596137.7625
CHLD 10 348.148438 1677596137.7625
MEM 7233.777344 1677596137.8735
CHLD 0 252.554688 1677596137.8838
CHLD 1 295.968750 1677596137.8838
CHLD 2 349.308594 1677596137.8838
CHLD 3 382.847656 1677596137.8839
CHLD 4 388.109375 1677596137.8839
CHLD 5 398.386719 1677596137.8839
CHLD 6 385.453125 1677596137.8839
CHLD 7 295.980469 1677596137.8839
CHLD 8 572.042969 1677596137.8839
CHLD 9 391.343750 1677596137.8839
CHLD 10 348.148438 1677596137.8840
MEM 7184.656250 1677596137.9970
CHLD 0 252.554688 1677596138.0077
CHLD 1 295.968750 1677596138.0077
CHLD 2 349.308594 1677596138.0077
CHLD 3 383.027344 1677596138.0077
CHLD 4 388.109375 1677596138.0077
CHLD 5 398.386719 1677596138.0078
CHLD 6 385.453125 1677596138.0078
CHLD 7 295.980469 1677596138.0078
CHLD 8 388.046875 1677596138.0078
CHLD 9 391.343750 1677596138.0078
CHLD 10 370.792969 1677596138.0078
MEM 7193.207031 1677596138.1194
CHLD 0 252.554688 1677596138.1298
CHLD 1 295.968750 1677596138.1298
CHLD 2 349.308594 1677596138.1298
CHLD 3 382.847656 1677596138.1298
CHLD 4 390.109375 1677596138.1298
CHLD 5 398.386719 1677596138.1299
CHLD 6 385.453125 1677596138.1299
CHLD 7 295.980469 1677596138.1299
CHLD 8 388.046875 1677596138.1299
CHLD 9 391.343750 1677596138.1299
CHLD 10 370.796875 1677596138.1299
MEM 7193.207031 1677596138.2407
CHLD 0 252.554688 1677596138.2507
CHLD 1 295.968750 1677596138.2507
CHLD 2 349.308594 1677596138.2508
CHLD 3 382.847656 1677596138.2508
CHLD 4 390.109375 1677596138.2508
CHLD 5 398.386719 1677596138.2508
CHLD 6 385.453125 1677596138.2508
CHLD 7 295.980469 1677596138.2508
CHLD 8 388.046875 1677596138.2509
CHLD 9 391.343750 1677596138.2509
CHLD 10 370.796875 1677596138.2509
MEM 7227.128906 1677596138.3638
CHLD 0 252.554688 1677596138.3752
CHLD 1 295.968750 1677596138.3752
CHLD 2 375.246094 1677596138.3753
CHLD 3 382.847656 1677596138.3753
CHLD 4 390.109375 1677596138.3753
CHLD 5 421.351562 1677596138.3753
CHLD 6 385.453125 1677596138.3753
CHLD 7 295.980469 1677596138.3753
CHLD 8 388.046875 1677596138.3753
CHLD 9 391.343750 1677596138.3754
CHLD 10 377.308594 1677596138.3754
MEM 7447.824219 1677596138.4882
CHLD 0 252.554688 1677596138.5000
CHLD 1 295.968750 1677596138.5000
CHLD 2 374.933594 1677596138.5000
CHLD 3 387.527344 1677596138.5000
CHLD 4 405.750000 1677596138.5000
CHLD 5 540.433594 1677596138.5000
CHLD 6 385.453125 1677596138.5001
CHLD 7 295.980469 1677596138.5001
CHLD 8 388.046875 1677596138.5001
CHLD 9 391.343750 1677596138.5001
CHLD 10 381.703125 1677596138.5001
MEM 7646.730469 1677596138.6129
CHLD 0 252.554688 1677596138.6234
CHLD 1 295.968750 1677596138.6235
CHLD 2 374.933594 1677596138.6235
CHLD 3 410.972656 1677596138.6235
CHLD 4 528.171875 1677596138.6235
CHLD 5 295.718750 1677596138.6235
CHLD 6 385.453125 1677596138.6235
CHLD 7 295.980469 1677596138.6235
CHLD 8 388.046875 1677596138.6236
CHLD 9 391.343750 1677596138.6236
CHLD 10 387.343750 1677596138.6236
MEM 7430.562500 1677596138.7344
CHLD 0 252.554688 1677596138.7445
CHLD 1 295.968750 1677596138.7445
CHLD 2 382.554688 1677596138.7446
CHLD 3 410.972656 1677596138.7446
CHLD 4 528.171875 1677596138.7446
CHLD 5 295.718750 1677596138.7446
CHLD 6 385.453125 1677596138.7446
CHLD 7 295.980469 1677596138.7446
CHLD 8 388.046875 1677596138.7446
CHLD 9 391.343750 1677596138.7446
CHLD 10 387.343750 1677596138.7447
MEM 7334.015625 1677596138.8565
CHLD 0 252.554688 1677596138.8668
CHLD 1 295.968750 1677596138.8669
CHLD 2 382.554688 1677596138.8669
CHLD 3 410.972656 1677596138.8669
CHLD 4 295.980469 1677596138.8669
CHLD 5 295.718750 1677596138.8669
CHLD 6 385.453125 1677596138.8669
CHLD 7 295.980469 1677596138.8669
CHLD 8 388.046875 1677596138.8670
CHLD 9 391.343750 1677596138.8670
CHLD 10 387.343750 1677596138.8670
MEM 7310.175781 1677596138.9794
CHLD 0 252.554688 1677596138.9906
CHLD 1 295.968750 1677596138.9906
CHLD 2 382.554688 1677596138.9906
CHLD 3 410.972656 1677596138.9907
CHLD 4 295.980469 1677596138.9907
CHLD 5 295.718750 1677596138.9907
CHLD 6 385.453125 1677596138.9907
CHLD 7 295.980469 1677596138.9907
CHLD 8 388.046875 1677596138.9907
CHLD 9 391.343750 1677596138.9907
CHLD 10 389.343750 1677596138.9908
MEM 7333.949219 1677596139.1026
CHLD 0 252.554688 1677596139.1132
CHLD 1 295.968750 1677596139.1132
CHLD 2 384.687500 1677596139.1132
CHLD 3 410.972656 1677596139.1132
CHLD 4 295.980469 1677596139.1132
CHLD 5 295.718750 1677596139.1133
CHLD 6 418.531250 1677596139.1133
CHLD 7 295.980469 1677596139.1133
CHLD 8 388.046875 1677596139.1133
CHLD 9 391.343750 1677596139.1133
CHLD 10 389.343750 1677596139.1133
MEM 7449.968750 1677596139.2258
CHLD 0 252.554688 1677596139.2370
CHLD 1 295.968750 1677596139.2370
CHLD 2 384.687500 1677596139.2370
CHLD 3 410.972656 1677596139.2371
CHLD 4 295.980469 1677596139.2371
CHLD 5 295.718750 1677596139.2371
CHLD 6 523.113281 1677596139.2371
CHLD 7 295.980469 1677596139.2371
CHLD 8 388.046875 1677596139.2371
CHLD 9 391.343750 1677596139.2371
CHLD 10 389.343750 1677596139.2372
MEM 7423.917969 1677596139.3496
CHLD 0 252.554688 1677596139.3609
CHLD 1 295.968750 1677596139.3609
CHLD 2 384.687500 1677596139.3609
CHLD 3 410.972656 1677596139.3610
CHLD 4 295.980469 1677596139.3610
CHLD 5 295.718750 1677596139.3610
CHLD 6 295.468750 1677596139.3610
CHLD 7 295.980469 1677596139.3610
CHLD 8 388.046875 1677596139.3610
CHLD 9 391.343750 1677596139.3610
CHLD 10 389.343750 1677596139.3611
MEM 7340.253906 1677596139.4734
CHLD 0 252.554688 1677596139.4839
CHLD 1 295.968750 1677596139.4839
CHLD 2 384.687500 1677596139.4839
CHLD 3 410.972656 1677596139.4839
CHLD 4 295.980469 1677596139.4839
CHLD 5 295.718750 1677596139.4840
CHLD 6 295.468750 1677596139.4840
CHLD 7 295.980469 1677596139.4840
CHLD 8 388.046875 1677596139.4840
CHLD 9 391.343750 1677596139.4840
CHLD 10 391.343750 1677596139.4840
MEM 7340.253906 1677596139.5962
CHLD 0 252.554688 1677596139.6072
CHLD 1 295.968750 1677596139.6072
CHLD 2 384.687500 1677596139.6072
CHLD 3 410.972656 1677596139.6072
CHLD 4 295.980469 1677596139.6072
CHLD 5 295.718750 1677596139.6073
CHLD 6 295.468750 1677596139.6073
CHLD 7 295.980469 1677596139.6073
CHLD 8 388.046875 1677596139.6073
CHLD 9 391.343750 1677596139.6073
CHLD 10 391.343750 1677596139.6073
MEM 7340.253906 1677596139.7184
CHLD 0 252.554688 1677596139.7285
CHLD 1 295.968750 1677596139.7285
CHLD 2 384.687500 1677596139.7285
CHLD 3 410.972656 1677596139.7285
CHLD 4 295.980469 1677596139.7285
CHLD 5 295.718750 1677596139.7286
CHLD 6 295.468750 1677596139.7286
CHLD 7 295.980469 1677596139.7286
CHLD 8 388.046875 1677596139.7286
CHLD 9 391.343750 1677596139.7286
CHLD 10 391.343750 1677596139.7286
MEM 7340.253906 1677596139.8392
CHLD 0 252.554688 1677596139.8492
CHLD 1 295.968750 1677596139.8492
CHLD 2 384.687500 1677596139.8492
CHLD 3 410.972656 1677596139.8492
CHLD 4 295.980469 1677596139.8492
CHLD 5 295.718750 1677596139.8492
CHLD 6 295.468750 1677596139.8493
CHLD 7 295.980469 1677596139.8493
CHLD 8 388.046875 1677596139.8493
CHLD 9 391.343750 1677596139.8493
CHLD 10 391.343750 1677596139.8493
MEM 7340.253906 1677596139.9598
CHLD 0 252.554688 1677596139.9698
CHLD 1 295.968750 1677596139.9698
CHLD 2 384.687500 1677596139.9699
CHLD 3 410.972656 1677596139.9699
CHLD 4 295.980469 1677596139.9699
CHLD 5 295.718750 1677596139.9699
CHLD 6 295.468750 1677596139.9699
CHLD 7 295.980469 1677596139.9699
CHLD 8 388.046875 1677596139.9699
CHLD 9 391.343750 1677596139.9700
CHLD 10 391.343750 1677596139.9700
MEM 7340.253906 1677596140.0801
CHLD 0 252.554688 1677596140.0900
CHLD 1 295.968750 1677596140.0900
CHLD 2 384.687500 1677596140.0900
CHLD 3 410.972656 1677596140.0900
CHLD 4 295.980469 1677596140.0900
CHLD 5 295.718750 1677596140.0900
CHLD 6 295.468750 1677596140.0900
CHLD 7 295.980469 1677596140.0901
CHLD 8 388.046875 1677596140.0901
CHLD 9 391.343750 1677596140.0901
CHLD 10 391.343750 1677596140.0901
MEM 7340.253906 1677596140.2009
CHLD 0 252.554688 1677596140.2108
CHLD 1 295.968750 1677596140.2108
CHLD 2 384.687500 1677596140.2108
CHLD 3 410.972656 1677596140.2109
CHLD 4 295.980469 1677596140.2109
CHLD 5 295.718750 1677596140.2109
CHLD 6 295.468750 1677596140.2109
CHLD 7 295.980469 1677596140.2109
CHLD 8 388.046875 1677596140.2109
CHLD 9 391.343750 1677596140.2109
CHLD 10 391.343750 1677596140.2110
MEM 7340.253906 1677596140.3213
CHLD 0 252.554688 1677596140.3312
CHLD 1 295.968750 1677596140.3313
CHLD 2 384.687500 1677596140.3313
CHLD 3 410.972656 1677596140.3313
CHLD 4 295.980469 1677596140.3313
CHLD 5 295.718750 1677596140.3313
CHLD 6 295.468750 1677596140.3313
CHLD 7 295.980469 1677596140.3313
CHLD 8 388.046875 1677596140.3314
CHLD 9 391.343750 1677596140.3314
CHLD 10 391.343750 1677596140.3314
MEM 7340.253906 1677596140.4421
CHLD 0 252.554688 1677596140.4519
CHLD 1 295.968750 1677596140.4519
CHLD 2 384.687500 1677596140.4519
CHLD 3 410.972656 1677596140.4520
CHLD 4 295.980469 1677596140.4520
CHLD 5 295.718750 1677596140.4520
CHLD 6 295.468750 1677596140.4520
CHLD 7 295.980469 1677596140.4520
CHLD 8 388.046875 1677596140.4520
CHLD 9 391.343750 1677596140.4520
CHLD 10 391.343750 1677596140.4520
MEM 7340.253906 1677596140.5625
CHLD 0 252.554688 1677596140.5723
CHLD 1 295.968750 1677596140.5723
CHLD 2 384.687500 1677596140.5723
CHLD 3 410.972656 1677596140.5724
CHLD 4 295.980469 1677596140.5724
CHLD 5 295.718750 1677596140.5724
CHLD 6 295.468750 1677596140.5724
CHLD 7 295.980469 1677596140.5724
CHLD 8 388.046875 1677596140.5724
CHLD 9 391.343750 1677596140.5724
CHLD 10 391.343750 1677596140.5725
MEM 7340.253906 1677596140.6835
CHLD 0 252.554688 1677596140.6935
CHLD 1 295.968750 1677596140.6935
CHLD 2 384.687500 1677596140.6935
CHLD 3 410.972656 1677596140.6935
CHLD 4 295.980469 1677596140.6936
CHLD 5 295.718750 1677596140.6936
CHLD 6 295.468750 1677596140.6936
CHLD 7 295.980469 1677596140.6936
CHLD 8 388.046875 1677596140.6936
CHLD 9 391.343750 1677596140.6936
CHLD 10 391.343750 1677596140.6936
MEM 7340.253906 1677596140.8042
CHLD 0 252.554688 1677596140.8140
CHLD 1 295.968750 1677596140.8140
CHLD 2 384.687500 1677596140.8141
CHLD 3 410.972656 1677596140.8141
CHLD 4 295.980469 1677596140.8141
CHLD 5 295.718750 1677596140.8141
CHLD 6 295.468750 1677596140.8141
CHLD 7 295.980469 1677596140.8141
CHLD 8 388.046875 1677596140.8141
CHLD 9 391.343750 1677596140.8142
CHLD 10 391.343750 1677596140.8142
MEM 7340.253906 1677596140.9247
CHLD 0 252.554688 1677596140.9354
CHLD 1 295.968750 1677596140.9354
CHLD 2 384.687500 1677596140.9354
CHLD 3 410.972656 1677596140.9354
CHLD 4 295.980469 1677596140.9354
CHLD 5 295.718750 1677596140.9354
CHLD 6 295.468750 1677596140.9355
CHLD 7 295.980469 1677596140.9355
CHLD 8 388.046875 1677596140.9355
CHLD 9 391.343750 1677596140.9355
CHLD 10 391.343750 1677596140.9355
MEM 7340.253906 1677596141.0467
CHLD 0 252.554688 1677596141.0568
CHLD 1 295.968750 1677596141.0569
CHLD 2 384.687500 1677596141.0569
CHLD 3 410.972656 1677596141.0569
CHLD 4 295.980469 1677596141.0569
CHLD 5 295.718750 1677596141.0569
CHLD 6 295.468750 1677596141.0569
CHLD 7 295.980469 1677596141.0569
CHLD 8 388.046875 1677596141.0570
CHLD 9 391.343750 1677596141.0570
CHLD 10 391.343750 1677596141.0570
MEM 7340.253906 1677596141.1677
CHLD 0 252.554688 1677596141.1778
CHLD 1 295.968750 1677596141.1778
CHLD 2 384.687500 1677596141.1778
CHLD 3 410.972656 1677596141.1778
CHLD 4 295.980469 1677596141.1778
CHLD 5 295.718750 1677596141.1778
CHLD 6 295.468750 1677596141.1779
CHLD 7 295.980469 1677596141.1779
CHLD 8 388.046875 1677596141.1779
CHLD 9 391.343750 1677596141.1779
CHLD 10 391.343750 1677596141.1779
MEM 7340.253906 1677596141.2884
CHLD 0 252.554688 1677596141.2983
CHLD 1 295.968750 1677596141.2984
CHLD 2 384.687500 1677596141.2984
CHLD 3 410.972656 1677596141.2984
CHLD 4 295.980469 1677596141.2984
CHLD 5 295.718750 1677596141.2984
CHLD 6 295.468750 1677596141.2984
CHLD 7 295.980469 1677596141.2985
CHLD 8 388.046875 1677596141.2985
CHLD 9 391.343750 1677596141.2985
CHLD 10 391.343750 1677596141.2985
MEM 7340.253906 1677596141.4091
CHLD 0 252.554688 1677596141.4191
CHLD 1 295.968750 1677596141.4191
CHLD 2 384.687500 1677596141.4192
CHLD 3 410.972656 1677596141.4192
CHLD 4 295.980469 1677596141.4192
CHLD 5 295.718750 1677596141.4192
CHLD 6 295.468750 1677596141.4192
CHLD 7 295.980469 1677596141.4192
CHLD 8 388.046875 1677596141.4192
CHLD 9 391.343750 1677596141.4193
CHLD 10 391.343750 1677596141.4193
MEM 7340.253906 1677596141.5301
CHLD 0 252.554688 1677596141.5401
CHLD 1 295.968750 1677596141.5401
CHLD 2 384.687500 1677596141.5402
CHLD 3 410.972656 1677596141.5402
CHLD 4 295.980469 1677596141.5402
CHLD 5 295.718750 1677596141.5402
CHLD 6 295.468750 1677596141.5402
CHLD 7 295.980469 1677596141.5402
CHLD 8 388.046875 1677596141.5402
CHLD 9 391.343750 1677596141.5403
CHLD 10 391.343750 1677596141.5403
MEM 7340.253906 1677596141.6507
CHLD 0 252.554688 1677596141.6606
CHLD 1 295.968750 1677596141.6606
CHLD 2 384.687500 1677596141.6606
CHLD 3 410.972656 1677596141.6606
CHLD 4 295.980469 1677596141.6606
CHLD 5 295.718750 1677596141.6607
CHLD 6 295.468750 1677596141.6607
CHLD 7 295.980469 1677596141.6607
CHLD 8 388.046875 1677596141.6607
CHLD 9 391.343750 1677596141.6607
CHLD 10 391.343750 1677596141.6607
MEM 7340.253906 1677596141.7709
CHLD 0 252.554688 1677596141.7805
CHLD 1 295.968750 1677596141.7805
CHLD 2 384.687500 1677596141.7805
CHLD 3 410.972656 1677596141.7805
CHLD 4 295.980469 1677596141.7805
CHLD 5 295.718750 1677596141.7805
CHLD 6 295.468750 1677596141.7806
CHLD 7 295.980469 1677596141.7806
CHLD 8 388.046875 1677596141.7806
CHLD 9 391.343750 1677596141.7806
CHLD 10 391.343750 1677596141.7806
MEM 7340.253906 1677596141.8908
CHLD 0 252.554688 1677596141.9004
CHLD 1 295.968750 1677596141.9004
CHLD 2 384.687500 1677596141.9004
CHLD 3 410.972656 1677596141.9004
CHLD 4 295.980469 1677596141.9004
CHLD 5 295.718750 1677596141.9004
CHLD 6 295.468750 1677596141.9005
CHLD 7 295.980469 1677596141.9005
CHLD 8 388.046875 1677596141.9005
CHLD 9 391.343750 1677596141.9005
CHLD 10 391.343750 1677596141.9005
MEM 7340.253906 1677596142.0110
CHLD 0 252.554688 1677596142.0211
CHLD 1 295.968750 1677596142.0212
CHLD 2 384.687500 1677596142.0212
CHLD 3 410.972656 1677596142.0212
CHLD 4 295.980469 1677596142.0212
CHLD 5 295.718750 1677596142.0212
CHLD 6 295.468750 1677596142.0213
CHLD 7 295.980469 1677596142.0213
CHLD 8 388.046875 1677596142.0213
CHLD 9 391.343750 1677596142.0213
CHLD 10 391.343750 1677596142.0213
MEM 7340.253906 1677596142.1320
CHLD 0 252.554688 1677596142.1421
CHLD 1 295.968750 1677596142.1421
CHLD 2 384.687500 1677596142.1421
CHLD 3 410.972656 1677596142.1421
CHLD 4 295.980469 1677596142.1421
CHLD 5 295.718750 1677596142.1421
CHLD 6 295.468750 1677596142.1421
CHLD 7 295.980469 1677596142.1422
CHLD 8 388.046875 1677596142.1422
CHLD 9 391.343750 1677596142.1422
CHLD 10 391.343750 1677596142.1422
MEM 7340.253906 1677596142.2526
CHLD 0 252.554688 1677596142.2626
CHLD 1 295.968750 1677596142.2626
CHLD 2 384.687500 1677596142.2626
CHLD 3 410.972656 1677596142.2626
CHLD 4 295.980469 1677596142.2627
CHLD 5 295.718750 1677596142.2627
CHLD 6 295.468750 1677596142.2627
CHLD 7 295.980469 1677596142.2627
CHLD 8 388.046875 1677596142.2627
CHLD 9 391.343750 1677596142.2627
CHLD 10 391.343750 1677596142.2627
MEM 7340.253906 1677596142.3740
CHLD 0 252.554688 1677596142.3842
CHLD 1 295.968750 1677596142.3842
CHLD 2 384.687500 1677596142.3842
CHLD 3 410.972656 1677596142.3843
CHLD 4 295.980469 1677596142.3843
CHLD 5 295.718750 1677596142.3843
CHLD 6 295.468750 1677596142.3843
CHLD 7 295.980469 1677596142.3843
CHLD 8 388.046875 1677596142.3843
CHLD 9 391.343750 1677596142.3843
CHLD 10 391.343750 1677596142.3844
MEM 7340.253906 1677596142.4951
CHLD 0 252.554688 1677596142.5054
CHLD 1 295.968750 1677596142.5054
CHLD 2 384.687500 1677596142.5054
CHLD 3 410.972656 1677596142.5055
CHLD 4 295.980469 1677596142.5055
CHLD 5 295.718750 1677596142.5055
CHLD 6 295.468750 1677596142.5055
CHLD 7 295.980469 1677596142.5055
CHLD 8 388.046875 1677596142.5055
CHLD 9 391.343750 1677596142.5055
CHLD 10 391.343750 1677596142.5056
MEM 7340.253906 1677596142.6171
CHLD 0 252.554688 1677596142.6273
CHLD 1 295.968750 1677596142.6273
CHLD 2 384.687500 1677596142.6273
CHLD 3 410.972656 1677596142.6273
CHLD 4 295.980469 1677596142.6273
CHLD 5 295.718750 1677596142.6273
CHLD 6 295.468750 1677596142.6274
CHLD 7 295.980469 1677596142.6274
CHLD 8 388.046875 1677596142.6274
CHLD 9 391.343750 1677596142.6274
CHLD 10 391.343750 1677596142.6274
MEM 7340.253906 1677596142.7380
CHLD 0 252.554688 1677596142.7480
CHLD 1 295.968750 1677596142.7480
CHLD 2 384.687500 1677596142.7480
CHLD 3 410.972656 1677596142.7480
CHLD 4 295.980469 1677596142.7480
CHLD 5 295.718750 1677596142.7481
CHLD 6 295.468750 1677596142.7481
CHLD 7 295.980469 1677596142.7481
CHLD 8 388.046875 1677596142.7481
CHLD 9 391.343750 1677596142.7481
CHLD 10 391.343750 1677596142.7481
MEM 7340.253906 1677596142.8590
CHLD 0 252.554688 1677596142.8691
CHLD 1 295.968750 1677596142.8692
CHLD 2 384.687500 1677596142.8692
CHLD 3 410.972656 1677596142.8692
CHLD 4 295.980469 1677596142.8692
CHLD 5 295.718750 1677596142.8692
CHLD 6 295.468750 1677596142.8692
CHLD 7 295.980469 1677596142.8692
CHLD 8 388.046875 1677596142.8693
CHLD 9 391.343750 1677596142.8693
CHLD 10 391.343750 1677596142.8693
MEM 7340.253906 1677596142.9802
CHLD 0 252.554688 1677596142.9903
CHLD 1 295.968750 1677596142.9903
CHLD 2 384.687500 1677596142.9903
CHLD 3 410.972656 1677596142.9903
CHLD 4 295.980469 1677596142.9903
CHLD 5 295.718750 1677596142.9903
CHLD 6 295.468750 1677596142.9904
CHLD 7 295.980469 1677596142.9904
CHLD 8 388.046875 1677596142.9904
CHLD 9 391.343750 1677596142.9904
CHLD 10 391.343750 1677596142.9904
MEM 7340.253906 1677596143.1014
CHLD 0 252.554688 1677596143.1115
CHLD 1 295.968750 1677596143.1115
CHLD 2 384.687500 1677596143.1115
CHLD 3 410.972656 1677596143.1115
CHLD 4 295.980469 1677596143.1115
CHLD 5 295.718750 1677596143.1115
CHLD 6 295.468750 1677596143.1116
CHLD 7 295.980469 1677596143.1116
CHLD 8 388.046875 1677596143.1116
CHLD 9 391.343750 1677596143.1116
CHLD 10 391.343750 1677596143.1116
MEM 7340.253906 1677596143.2222
CHLD 0 252.554688 1677596143.2321
CHLD 1 295.968750 1677596143.2322
CHLD 2 384.687500 1677596143.2322
CHLD 3 410.972656 1677596143.2322
CHLD 4 295.980469 1677596143.2322
CHLD 5 295.718750 1677596143.2322
CHLD 6 295.468750 1677596143.2322
CHLD 7 295.980469 1677596143.2322
CHLD 8 388.046875 1677596143.2323
CHLD 9 391.343750 1677596143.2323
CHLD 10 391.343750 1677596143.2323
MEM 7340.253906 1677596143.3430
CHLD 0 252.554688 1677596143.3531
CHLD 1 295.968750 1677596143.3531
CHLD 2 384.687500 1677596143.3531
CHLD 3 410.972656 1677596143.3531
CHLD 4 295.980469 1677596143.3531
CHLD 5 295.718750 1677596143.3531
CHLD 6 295.468750 1677596143.3531
CHLD 7 295.980469 1677596143.3532
CHLD 8 388.046875 1677596143.3532
CHLD 9 391.343750 1677596143.3532
CHLD 10 391.343750 1677596143.3532
MEM 7551.636719 1677596143.4640
CHLD 0 252.554688 1677596143.4739
CHLD 1 295.968750 1677596143.4739
CHLD 2 524.804688 1677596143.4739
CHLD 3 410.972656 1677596143.4740
CHLD 4 295.980469 1677596143.4740
CHLD 5 295.718750 1677596143.4740
CHLD 6 295.468750 1677596143.4740
CHLD 7 295.980469 1677596143.4740
CHLD 8 388.046875 1677596143.4740
CHLD 9 391.343750 1677596143.4740
CHLD 10 391.343750 1677596143.4741
MEM 7438.664062 1677596143.5845
CHLD 0 252.554688 1677596143.5943
CHLD 1 295.968750 1677596143.5943
CHLD 2 301.324219 1677596143.5943
CHLD 3 410.972656 1677596143.5943
CHLD 4 295.980469 1677596143.5944
CHLD 5 295.718750 1677596143.5944
CHLD 6 295.468750 1677596143.5944
CHLD 7 295.980469 1677596143.5944
CHLD 8 388.046875 1677596143.5944
CHLD 9 391.343750 1677596143.5944
CHLD 10 391.343750 1677596143.5944
MEM 7372.800781 1677596143.7053
CHLD 0 252.554688 1677596143.7153
CHLD 1 295.968750 1677596143.7153
CHLD 2 301.324219 1677596143.7153
CHLD 3 410.972656 1677596143.7153
CHLD 4 295.980469 1677596143.7153
CHLD 5 295.718750 1677596143.7153
CHLD 6 295.468750 1677596143.7154
CHLD 7 295.980469 1677596143.7154
CHLD 8 388.046875 1677596143.7154
CHLD 9 391.343750 1677596143.7154
CHLD 10 391.343750 1677596143.7154
MEM 7372.800781 1677596143.8260
CHLD 0 252.554688 1677596143.8358
CHLD 1 295.968750 1677596143.8358
CHLD 2 301.324219 1677596143.8358
CHLD 3 410.972656 1677596143.8358
CHLD 4 295.980469 1677596143.8359
CHLD 5 295.718750 1677596143.8359
CHLD 6 295.468750 1677596143.8359
CHLD 7 295.980469 1677596143.8359
CHLD 8 388.046875 1677596143.8359
CHLD 9 391.343750 1677596143.8359
CHLD 10 391.343750 1677596143.8359
MEM 7372.800781 1677596143.9467
CHLD 0 252.554688 1677596143.9565
CHLD 1 295.968750 1677596143.9566
CHLD 2 301.324219 1677596143.9566
CHLD 3 410.972656 1677596143.9566
CHLD 4 295.980469 1677596143.9566
CHLD 5 295.718750 1677596143.9566
CHLD 6 295.468750 1677596143.9566
CHLD 7 295.980469 1677596143.9566
CHLD 8 388.046875 1677596143.9566
CHLD 9 391.343750 1677596143.9567
CHLD 10 391.343750 1677596143.9567
MEM 7372.800781 1677596144.0673
CHLD 0 252.554688 1677596144.0774
CHLD 1 295.968750 1677596144.0774
CHLD 2 301.324219 1677596144.0774
CHLD 3 410.972656 1677596144.0774
CHLD 4 295.980469 1677596144.0774
CHLD 5 295.718750 1677596144.0775
CHLD 6 295.468750 1677596144.0775
CHLD 7 295.980469 1677596144.0775
CHLD 8 388.046875 1677596144.0775
CHLD 9 391.343750 1677596144.0775
CHLD 10 391.343750 1677596144.0775
MEM 7372.800781 1677596144.1881
CHLD 0 252.554688 1677596144.1981
CHLD 1 295.968750 1677596144.1981
CHLD 2 301.324219 1677596144.1981
CHLD 3 410.972656 1677596144.1982
CHLD 4 295.980469 1677596144.1982
CHLD 5 295.718750 1677596144.1982
CHLD 6 295.468750 1677596144.1982
CHLD 7 295.980469 1677596144.1982
CHLD 8 388.046875 1677596144.1982
CHLD 9 391.343750 1677596144.1982
CHLD 10 391.343750 1677596144.1983
MEM 7372.800781 1677596144.3088
CHLD 0 252.554688 1677596144.3189
CHLD 1 295.968750 1677596144.3189
CHLD 2 301.324219 1677596144.3189
CHLD 3 410.972656 1677596144.3189
CHLD 4 295.980469 1677596144.3189
CHLD 5 295.718750 1677596144.3189
CHLD 6 295.468750 1677596144.3189
CHLD 7 295.980469 1677596144.3190
CHLD 8 388.046875 1677596144.3190
CHLD 9 391.343750 1677596144.3190
CHLD 10 391.343750 1677596144.3190
MEM 7372.800781 1677596144.4298
CHLD 0 252.554688 1677596144.4398
CHLD 1 295.968750 1677596144.4398
CHLD 2 301.324219 1677596144.4399
CHLD 3 410.972656 1677596144.4399
CHLD 4 295.980469 1677596144.4399
CHLD 5 295.718750 1677596144.4399
CHLD 6 295.468750 1677596144.4399
CHLD 7 295.980469 1677596144.4399
CHLD 8 388.046875 1677596144.4399
CHLD 9 391.343750 1677596144.4400
CHLD 10 391.343750 1677596144.4400
MEM 7372.800781 1677596144.5506
CHLD 0 252.554688 1677596144.5606
CHLD 1 295.968750 1677596144.5606
CHLD 2 301.324219 1677596144.5606
CHLD 3 410.972656 1677596144.5607
CHLD 4 295.980469 1677596144.5607
CHLD 5 295.718750 1677596144.5607
CHLD 6 295.468750 1677596144.5607
CHLD 7 295.980469 1677596144.5607
CHLD 8 388.046875 1677596144.5607
CHLD 9 391.343750 1677596144.5607
CHLD 10 391.343750 1677596144.5608
MEM 7372.800781 1677596144.6712
CHLD 0 252.554688 1677596144.6812
CHLD 1 295.968750 1677596144.6813
CHLD 2 301.324219 1677596144.6813
CHLD 3 410.972656 1677596144.6813
CHLD 4 295.980469 1677596144.6813
CHLD 5 295.718750 1677596144.6813
CHLD 6 295.468750 1677596144.6813
CHLD 7 295.980469 1677596144.6813
CHLD 8 388.046875 1677596144.6814
CHLD 9 391.343750 1677596144.6814
CHLD 10 391.343750 1677596144.6814
MEM 7372.800781 1677596144.7921
CHLD 0 252.554688 1677596144.8021
CHLD 1 295.968750 1677596144.8021
CHLD 2 301.324219 1677596144.8021
CHLD 3 410.972656 1677596144.8021
CHLD 4 295.980469 1677596144.8022
CHLD 5 295.718750 1677596144.8022
CHLD 6 295.468750 1677596144.8022
CHLD 7 295.980469 1677596144.8022
CHLD 8 388.046875 1677596144.8022
CHLD 9 391.343750 1677596144.8022
CHLD 10 391.343750 1677596144.8022
MEM 7372.800781 1677596144.9129
CHLD 0 252.554688 1677596144.9229
CHLD 1 295.968750 1677596144.9229
CHLD 2 301.324219 1677596144.9230
CHLD 3 410.972656 1677596144.9230
CHLD 4 295.980469 1677596144.9230
CHLD 5 295.718750 1677596144.9230
CHLD 6 295.468750 1677596144.9230
CHLD 7 295.980469 1677596144.9230
CHLD 8 388.046875 1677596144.9230
CHLD 9 391.343750 1677596144.9230
CHLD 10 391.343750 1677596144.9231
MEM 7372.800781 1677596145.0343
CHLD 0 252.554688 1677596145.0442
CHLD 1 295.968750 1677596145.0443
CHLD 2 301.324219 1677596145.0443
CHLD 3 410.972656 1677596145.0443
CHLD 4 295.980469 1677596145.0443
CHLD 5 295.718750 1677596145.0443
CHLD 6 295.468750 1677596145.0443
CHLD 7 295.980469 1677596145.0443
CHLD 8 388.046875 1677596145.0443
CHLD 9 391.343750 1677596145.0444
CHLD 10 391.343750 1677596145.0444
MEM 7372.800781 1677596145.1549
CHLD 0 252.554688 1677596145.1646
CHLD 1 295.968750 1677596145.1646
CHLD 2 301.324219 1677596145.1646
CHLD 3 410.972656 1677596145.1647
CHLD 4 295.980469 1677596145.1647
CHLD 5 295.718750 1677596145.1647
CHLD 6 295.468750 1677596145.1647
CHLD 7 295.980469 1677596145.1647
CHLD 8 388.046875 1677596145.1647
CHLD 9 391.343750 1677596145.1647
CHLD 10 391.343750 1677596145.1647
MEM 7372.800781 1677596145.2753
CHLD 0 252.554688 1677596145.2853
CHLD 1 295.968750 1677596145.2853
CHLD 2 301.324219 1677596145.2854
CHLD 3 410.972656 1677596145.2854
CHLD 4 295.980469 1677596145.2854
CHLD 5 295.718750 1677596145.2854
CHLD 6 295.468750 1677596145.2854
CHLD 7 295.980469 1677596145.2854
CHLD 8 388.046875 1677596145.2855
CHLD 9 391.343750 1677596145.2855
CHLD 10 391.343750 1677596145.2855
MEM 7372.800781 1677596145.3963
CHLD 0 252.554688 1677596145.4064
CHLD 1 295.968750 1677596145.4064
CHLD 2 301.324219 1677596145.4064
CHLD 3 410.972656 1677596145.4064
CHLD 4 295.980469 1677596145.4064
CHLD 5 295.718750 1677596145.4065
CHLD 6 295.468750 1677596145.4065
CHLD 7 295.980469 1677596145.4065
CHLD 8 388.046875 1677596145.4065
CHLD 9 391.343750 1677596145.4065
CHLD 10 391.343750 1677596145.4065
MEM 7432.000000 1677596145.5172
CHLD 0 252.554688 1677596145.5271
CHLD 1 295.968750 1677596145.5271
CHLD 2 301.324219 1677596145.5271
CHLD 3 494.171875 1677596145.5271
CHLD 4 295.980469 1677596145.5271
CHLD 5 295.718750 1677596145.5272
CHLD 6 295.468750 1677596145.5272
CHLD 7 295.980469 1677596145.5272
CHLD 8 388.046875 1677596145.5272
CHLD 9 391.343750 1677596145.5272
CHLD 10 391.343750 1677596145.5272
MEM 7497.882812 1677596145.6378
CHLD 0 252.554688 1677596145.6477
CHLD 1 295.968750 1677596145.6477
CHLD 2 301.324219 1677596145.6478
CHLD 3 530.054688 1677596145.6478
CHLD 4 295.980469 1677596145.6478
CHLD 5 295.718750 1677596145.6478
CHLD 6 295.468750 1677596145.6478
CHLD 7 295.980469 1677596145.6478
CHLD 8 388.046875 1677596145.6478
CHLD 9 391.343750 1677596145.6479
CHLD 10 391.343750 1677596145.6479
MEM 7579.074219 1677596145.7585
CHLD 0 252.554688 1677596145.7684
CHLD 1 295.968750 1677596145.7684
CHLD 2 301.324219 1677596145.7684
CHLD 3 382.707031 1677596145.7685
CHLD 4 295.980469 1677596145.7685
CHLD 5 295.718750 1677596145.7685
CHLD 6 295.468750 1677596145.7685
CHLD 7 295.980469 1677596145.7685
CHLD 8 388.046875 1677596145.7685
CHLD 9 391.343750 1677596145.7685
CHLD 10 391.343750 1677596145.7686
MEM 7462.074219 1677596145.8788
CHLD 0 252.554688 1677596145.8887
CHLD 1 295.968750 1677596145.8887
CHLD 2 301.324219 1677596145.8887
CHLD 3 382.707031 1677596145.8888
CHLD 4 295.980469 1677596145.8888
CHLD 5 295.718750 1677596145.8888
CHLD 6 295.468750 1677596145.8888
CHLD 7 295.980469 1677596145.8888
CHLD 8 388.046875 1677596145.8888
CHLD 9 391.343750 1677596145.8888
CHLD 10 391.343750 1677596145.8889
MEM 7462.074219 1677596146.0000
CHLD 0 252.554688 1677596146.0101
CHLD 1 295.968750 1677596146.0101
CHLD 2 301.324219 1677596146.0101
CHLD 3 382.707031 1677596146.0101
CHLD 4 295.980469 1677596146.0101
CHLD 5 295.718750 1677596146.0102
CHLD 6 295.468750 1677596146.0102
CHLD 7 295.980469 1677596146.0102
CHLD 8 388.046875 1677596146.0102
CHLD 9 391.343750 1677596146.0102
CHLD 10 391.343750 1677596146.0102
MEM 7462.074219 1677596146.1209
CHLD 0 252.554688 1677596146.1309
CHLD 1 295.968750 1677596146.1309
CHLD 2 301.324219 1677596146.1309
CHLD 3 382.707031 1677596146.1310
CHLD 4 295.980469 1677596146.1310
CHLD 5 295.718750 1677596146.1310
CHLD 6 295.468750 1677596146.1310
CHLD 7 295.980469 1677596146.1310
CHLD 8 388.046875 1677596146.1310
CHLD 9 391.343750 1677596146.1310
CHLD 10 391.343750 1677596146.1310
MEM 7462.074219 1677596146.2414
CHLD 0 252.554688 1677596146.2512
CHLD 1 295.968750 1677596146.2513
CHLD 2 301.324219 1677596146.2513
CHLD 3 382.707031 1677596146.2513
CHLD 4 295.980469 1677596146.2513
CHLD 5 295.718750 1677596146.2513
CHLD 6 295.468750 1677596146.2513
CHLD 7 295.980469 1677596146.2513
CHLD 8 388.046875 1677596146.2514
CHLD 9 391.343750 1677596146.2514
CHLD 10 391.343750 1677596146.2514
MEM 7462.074219 1677596146.3620
CHLD 0 252.554688 1677596146.3720
CHLD 1 295.968750 1677596146.3720
CHLD 2 301.324219 1677596146.3721
CHLD 3 382.707031 1677596146.3721
CHLD 4 295.980469 1677596146.3721
CHLD 5 295.718750 1677596146.3721
CHLD 6 295.468750 1677596146.3721
CHLD 7 295.980469 1677596146.3721
CHLD 8 388.046875 1677596146.3721
CHLD 9 391.343750 1677596146.3722
CHLD 10 391.343750 1677596146.3722
MEM 7462.074219 1677596146.4827
CHLD 0 252.554688 1677596146.4925
CHLD 1 295.968750 1677596146.4925
CHLD 2 301.324219 1677596146.4926
CHLD 3 382.707031 1677596146.4926
CHLD 4 295.980469 1677596146.4926
CHLD 5 295.718750 1677596146.4926
CHLD 6 295.468750 1677596146.4926
CHLD 7 295.980469 1677596146.4926
CHLD 8 388.046875 1677596146.4926
CHLD 9 391.343750 1677596146.4927
CHLD 10 391.343750 1677596146.4927
MEM 7462.074219 1677596146.6030
CHLD 0 252.554688 1677596146.6128
CHLD 1 295.968750 1677596146.6129
CHLD 2 301.324219 1677596146.6129
CHLD 3 382.707031 1677596146.6129
CHLD 4 295.980469 1677596146.6129
CHLD 5 295.718750 1677596146.6129
CHLD 6 295.468750 1677596146.6129
CHLD 7 295.980469 1677596146.6129
CHLD 8 388.046875 1677596146.6130
CHLD 9 391.343750 1677596146.6130
CHLD 10 391.343750 1677596146.6130
MEM 7462.074219 1677596146.7232
CHLD 0 252.554688 1677596146.7330
CHLD 1 295.968750 1677596146.7330
CHLD 2 301.324219 1677596146.7330
CHLD 3 382.707031 1677596146.7330
CHLD 4 295.980469 1677596146.7331
CHLD 5 295.718750 1677596146.7331
CHLD 6 295.468750 1677596146.7331
CHLD 7 295.980469 1677596146.7331
CHLD 8 388.046875 1677596146.7331
CHLD 9 391.343750 1677596146.7331
CHLD 10 391.343750 1677596146.7331
MEM 7462.074219 1677596146.8435
CHLD 0 252.554688 1677596146.8533
CHLD 1 295.968750 1677596146.8533
CHLD 2 301.324219 1677596146.8533
CHLD 3 382.707031 1677596146.8533
CHLD 4 295.980469 1677596146.8533
CHLD 5 295.718750 1677596146.8533
CHLD 6 295.468750 1677596146.8533
CHLD 7 295.980469 1677596146.8534
CHLD 8 388.046875 1677596146.8534
CHLD 9 391.343750 1677596146.8534
CHLD 10 391.343750 1677596146.8534
MEM 7481.714844 1677596146.9638
CHLD 0 252.554688 1677596146.9736
CHLD 1 295.968750 1677596146.9736
CHLD 2 301.324219 1677596146.9736
CHLD 3 382.707031 1677596146.9736
CHLD 4 295.980469 1677596146.9736
CHLD 5 295.718750 1677596146.9736
CHLD 6 295.468750 1677596146.9736
CHLD 7 295.980469 1677596146.9737
CHLD 8 388.046875 1677596146.9737
CHLD 9 391.343750 1677596146.9737
CHLD 10 412.984375 1677596146.9737
MEM 7733.343750 1677596147.0862
CHLD 0 252.554688 1677596147.0967
CHLD 1 295.968750 1677596147.0967
CHLD 2 301.324219 1677596147.0968
CHLD 3 382.707031 1677596147.0968
CHLD 4 295.980469 1677596147.0968
CHLD 5 295.718750 1677596147.0968
CHLD 6 295.468750 1677596147.0968
CHLD 7 295.980469 1677596147.0968
CHLD 8 388.046875 1677596147.0968
CHLD 9 519.800781 1677596147.0969
CHLD 10 555.535156 1677596147.0969
MEM 7690.156250 1677596147.2087
CHLD 0 252.554688 1677596147.2185
CHLD 1 295.968750 1677596147.2185
CHLD 2 301.324219 1677596147.2186
CHLD 3 382.707031 1677596147.2186
CHLD 4 295.980469 1677596147.2186
CHLD 5 295.718750 1677596147.2186
CHLD 6 295.468750 1677596147.2186
CHLD 7 295.980469 1677596147.2186
CHLD 8 388.046875 1677596147.2186
CHLD 9 507.769531 1677596147.2187
CHLD 10 295.718750 1677596147.2187
MEM 7684.222656 1677596147.3312
CHLD 0 252.554688 1677596147.3427
CHLD 1 295.968750 1677596147.3427
CHLD 2 301.324219 1677596147.3428
CHLD 3 382.707031 1677596147.3428
CHLD 4 295.980469 1677596147.3428
CHLD 5 295.718750 1677596147.3428
CHLD 6 295.468750 1677596147.3428
CHLD 7 295.980469 1677596147.3428
CHLD 8 388.046875 1677596147.3428
CHLD 9 391.468750 1677596147.3429
CHLD 10 295.718750 1677596147.3429
MEM 4360.886719 1677596147.4562
CHLD 0 252.992188 1677596147.4692
CHLD 1 0.000000 1677596147.4693
CHLD 2 0.000000 1677596147.4693
CHLD 3 0.000000 1677596147.4693
CHLD 4 0.000000 1677596147.4693
CHLD 5 0.000000 1677596147.4693
CHLD 6 0.000000 1677596147.4694
CHLD 7 0.000000 1677596147.4694
CHLD 8 0.000000 1677596147.4694
MEM 4362.519531 1677596147.5813
CHLD 0 253.609375 1677596147.5912
MEM 4362.765625 1677596147.7025
CHLD 0 253.609375 1677596147.7122
MEM 4362.855469 1677596147.8225
CHLD 0 253.609375 1677596147.8316
MEM 316.863281 1677596147.9415
MEM 316.867188 1677596148.0607
MEM 294.289062 1677596148.1807
MEM 0.000000 1677596148.3005
