CMDLINE python realtime_parallel.py --time 221790745 --codedir /users/mfeldman/scripts/ELDES_MESO/ --outdir /scratch/mfeldman/realtime/ --dvdir /scratch/mfeldman/realtime/ --lomdir /scratch/mfeldman/realtime/
MEM 0.031250 1677509669.9333
MEM 23.269531 1677509670.0618
MEM 42.804688 1677509670.1894
MEM 55.574219 1677509670.3168
MEM 70.894531 1677509670.4442
MEM 81.023438 1677509670.5710
MEM 89.835938 1677509670.6965
MEM 101.503906 1677509670.8227
MEM 108.667969 1677509670.9499
MEM 115.914062 1677509671.0764
MEM 121.355469 1677509671.2027
MEM 127.757812 1677509671.3300
MEM 133.152344 1677509671.4579
MEM 136.550781 1677509671.5845
MEM 138.863281 1677509671.7104
MEM 144.910156 1677509671.8366
MEM 171.460938 1677509671.9638
MEM 175.906250 1677509672.0896
MEM 179.234375 1677509672.2169
MEM 191.367188 1677509672.3446
MEM 196.109375 1677509672.4721
CHLD 0 0.191406 1677509672.4841
MEM 201.218750 1677509672.5980
MEM 211.851562 1677509672.7220
MEM 226.988281 1677509672.8472
MEM 241.394531 1677509672.9726
MEM 1537.601562 1677509673.1006
CHLD 0 249.765625 1677509673.1149
CHLD 1 258.042969 1677509673.1149
CHLD 2 259.652344 1677509673.1149
CHLD 3 253.992188 1677509673.1149
CHLD 4 257.910156 1677509673.1149
CHLD 5 259.492188 1677509673.1149
MEM 3344.886719 1677509673.2307
CHLD 0 249.765625 1677509673.2462
CHLD 1 258.285156 1677509673.2462
CHLD 2 259.718750 1677509673.2462
CHLD 3 255.503906 1677509673.2463
CHLD 4 258.367188 1677509673.2463
CHLD 5 259.957031 1677509673.2463
CHLD 6 259.949219 1677509673.2463
CHLD 7 255.324219 1677509673.2463
CHLD 8 257.222656 1677509673.2463
CHLD 9 257.164062 1677509673.2463
CHLD 10 256.867188 1677509673.2464
CHLD 11 258.296875 1677509673.2464
CHLD 12 260.558594 1677509673.2464
MEM 4887.625000 1677509673.3629
CHLD 0 249.765625 1677509673.3783
CHLD 1 258.285156 1677509673.3784
CHLD 2 263.203125 1677509673.3784
CHLD 3 255.503906 1677509673.3784
CHLD 4 258.367188 1677509673.3784
CHLD 5 259.957031 1677509673.3784
CHLD 6 259.949219 1677509673.3784
CHLD 7 255.324219 1677509673.3785
CHLD 8 257.105469 1677509673.3785
CHLD 9 257.105469 1677509673.3785
CHLD 10 257.097656 1677509673.3785
CHLD 11 258.761719 1677509673.3785
CHLD 12 260.710938 1677509673.3785
CHLD 13 255.238281 1677509673.3785
CHLD 14 258.406250 1677509673.3786
CHLD 15 259.875000 1677509673.3786
CHLD 16 259.808594 1677509673.3786
CHLD 17 252.234375 1677509673.3786
CHLD 18 256.773438 1677509673.3786
MEM 6383.812500 1677509673.4960
CHLD 0 249.816406 1677509673.5124
CHLD 1 268.074219 1677509673.5124
CHLD 2 266.855469 1677509673.5124
CHLD 3 272.492188 1677509673.5124
CHLD 4 269.015625 1677509673.5124
CHLD 5 270.785156 1677509673.5125
CHLD 6 269.503906 1677509673.5125
CHLD 7 268.929688 1677509673.5125
CHLD 8 269.082031 1677509673.5125
CHLD 9 321.296875 1677509673.5125
CHLD 10 375.234375 1677509673.5125
CHLD 11 258.761719 1677509673.5125
CHLD 12 260.281250 1677509673.5126
CHLD 13 255.988281 1677509673.5126
CHLD 14 258.375000 1677509673.5126
CHLD 15 259.957031 1677509673.5126
CHLD 16 259.957031 1677509673.5126
CHLD 17 253.492188 1677509673.5126
CHLD 18 257.171875 1677509673.5127
CHLD 19 257.136719 1677509673.5127
CHLD 20 258.484375 1677509673.5127
CHLD 21 259.824219 1677509673.5127
CHLD 22 254.187500 1677509673.5127
CHLD 23 258.191406 1677509673.5127
MEM 8101.621094 1677509673.6308
CHLD 0 577.242188 1677509673.6480
CHLD 1 268.281250 1677509673.6481
CHLD 2 266.855469 1677509673.6481
CHLD 3 268.074219 1677509673.6481
CHLD 4 269.015625 1677509673.6481
CHLD 5 263.433594 1677509673.6482
CHLD 6 269.167969 1677509673.6482
CHLD 7 268.929688 1677509673.6482
CHLD 8 269.292969 1677509673.6482
CHLD 9 266.363281 1677509673.6482
CHLD 10 258.761719 1677509673.6482
CHLD 11 260.281250 1677509673.6483
CHLD 12 255.988281 1677509673.6483
CHLD 13 259.296875 1677509673.6483
CHLD 14 259.957031 1677509673.6483
CHLD 15 262.207031 1677509673.6483
CHLD 16 267.347656 1677509673.6483
CHLD 17 257.214844 1677509673.6483
CHLD 18 260.882812 1677509673.6484
CHLD 19 258.750000 1677509673.6484
CHLD 20 260.257812 1677509673.6484
CHLD 21 256.437500 1677509673.6484
CHLD 22 259.101562 1677509673.6484
CHLD 23 260.121094 1677509673.6484
CHLD 24 259.656250 1677509673.6485
CHLD 25 252.250000 1677509673.6485
CHLD 26 256.785156 1677509673.6485
CHLD 27 256.777344 1677509673.6485
CHLD 28 254.531250 1677509673.6485
CHLD 29 254.531250 1677509673.6485
MEM 9682.769531 1677509673.7670
CHLD 0 475.156250 1677509673.7860
CHLD 1 266.855469 1677509673.7860
CHLD 2 268.074219 1677509673.7861
CHLD 3 269.015625 1677509673.7861
CHLD 4 263.433594 1677509673.7861
CHLD 5 269.167969 1677509673.7861
CHLD 6 268.929688 1677509673.7861
CHLD 7 268.632812 1677509673.7862
CHLD 8 275.019531 1677509673.7862
CHLD 9 266.671875 1677509673.7862
CHLD 10 261.007812 1677509673.7862
CHLD 11 271.585938 1677509673.7862
CHLD 12 316.054688 1677509673.7862
CHLD 13 322.640625 1677509673.7863
CHLD 14 322.363281 1677509673.7863
CHLD 15 321.113281 1677509673.7863
CHLD 16 258.750000 1677509673.7863
CHLD 17 260.257812 1677509673.7863
CHLD 18 255.988281 1677509673.7863
CHLD 19 258.625000 1677509673.7864
CHLD 20 260.207031 1677509673.7864
CHLD 21 259.949219 1677509673.7864
CHLD 22 254.152344 1677509673.7864
CHLD 23 258.050781 1677509673.7864
CHLD 24 258.152344 1677509673.7864
CHLD 25 256.886719 1677509673.7865
CHLD 26 256.660156 1677509673.7865
CHLD 27 256.664062 1677509673.7865
CHLD 28 256.664062 1677509673.7865
CHLD 29 257.324219 1677509673.7865
CHLD 30 256.589844 1677509673.7865
CHLD 31 257.320312 1677509673.7866
CHLD 32 257.316406 1677509673.7866
CHLD 33 256.664062 1677509673.7866
CHLD 34 256.667969 1677509673.7866
MEM 11508.351562 1677509673.9058
CHLD 0 834.621094 1677509673.9235
CHLD 1 266.855469 1677509673.9236
CHLD 2 268.074219 1677509673.9236
CHLD 3 271.792969 1677509673.9236
CHLD 4 263.433594 1677509673.9236
CHLD 5 269.167969 1677509673.9236
CHLD 6 271.402344 1677509673.9236
CHLD 7 353.222656 1677509673.9237
CHLD 8 294.593750 1677509673.9237
CHLD 9 278.917969 1677509673.9237
CHLD 10 261.007812 1677509673.9237
CHLD 11 263.433594 1677509673.9237
CHLD 12 289.496094 1677509673.9237
CHLD 13 295.316406 1677509673.9238
CHLD 14 297.500000 1677509673.9238
CHLD 15 266.390625 1677509673.9238
CHLD 16 264.015625 1677509673.9238
CHLD 17 260.257812 1677509673.9238
CHLD 18 255.988281 1677509673.9238
CHLD 19 259.542969 1677509673.9239
CHLD 20 260.207031 1677509673.9239
CHLD 21 259.949219 1677509673.9239
CHLD 22 253.773438 1677509673.9239
CHLD 23 257.207031 1677509673.9239
CHLD 24 258.152344 1677509673.9239
CHLD 25 257.597656 1677509673.9239
CHLD 26 257.656250 1677509673.9240
CHLD 27 257.371094 1677509673.9240
CHLD 28 257.207031 1677509673.9240
CHLD 29 257.199219 1677509673.9240
CHLD 30 257.207031 1677509673.9240
CHLD 31 257.199219 1677509673.9240
CHLD 32 257.207031 1677509673.9241
CHLD 33 257.199219 1677509673.9241
CHLD 34 257.214844 1677509673.9241
CHLD 35 257.250000 1677509673.9241
CHLD 36 258.746094 1677509673.9241
CHLD 37 260.199219 1677509673.9242
CHLD 38 251.953125 1677509673.9242
CHLD 39 255.707031 1677509673.9242
CHLD 40 257.289062 1677509673.9242
MEM 13469.519531 1677509674.0435
CHLD 0 1075.558594 1677509674.0616
CHLD 1 270.414062 1677509674.0616
CHLD 2 268.156250 1677509674.0616
CHLD 3 271.792969 1677509674.0617
CHLD 4 266.664062 1677509674.0617
CHLD 5 271.941406 1677509674.0617
CHLD 6 271.402344 1677509674.0617
CHLD 7 296.964844 1677509674.0617
CHLD 8 294.593750 1677509674.0617
CHLD 9 268.324219 1677509674.0618
CHLD 10 261.007812 1677509674.0618
CHLD 11 263.433594 1677509674.0618
CHLD 12 289.496094 1677509674.0618
CHLD 13 295.316406 1677509674.0618
CHLD 14 297.500000 1677509674.0618
CHLD 15 266.390625 1677509674.0619
CHLD 16 277.890625 1677509674.0619
CHLD 17 274.843750 1677509674.0619
CHLD 18 271.882812 1677509674.0619
CHLD 19 261.257812 1677509674.0619
CHLD 20 267.382812 1677509674.0619
CHLD 21 269.488281 1677509674.0620
CHLD 22 253.773438 1677509674.0620
CHLD 23 259.683594 1677509674.0620
CHLD 24 266.500000 1677509674.0620
CHLD 25 257.199219 1677509674.0620
CHLD 26 257.558594 1677509674.0620
CHLD 27 257.199219 1677509674.0621
CHLD 28 257.207031 1677509674.0621
CHLD 29 258.425781 1677509674.0621
CHLD 30 256.726562 1677509674.0621
CHLD 31 256.277344 1677509674.0621
CHLD 32 256.058594 1677509674.0621
CHLD 33 256.488281 1677509674.0622
CHLD 34 256.625000 1677509674.0622
CHLD 35 256.828125 1677509674.0622
CHLD 36 258.507812 1677509674.0622
CHLD 37 260.281250 1677509674.0622
CHLD 38 251.953125 1677509674.0623
CHLD 39 255.707031 1677509674.0623
CHLD 40 257.289062 1677509674.0623
CHLD 41 257.292969 1677509674.0623
CHLD 42 250.007812 1677509674.0623
CHLD 43 254.542969 1677509674.0623
CHLD 44 254.546875 1677509674.0624
CHLD 45 254.546875 1677509674.0624
CHLD 46 254.554688 1677509674.0624
CHLD 47 254.554688 1677509674.0624
MEM 14787.679688 1677509674.1905
CHLD 0 829.773438 1677509674.2266
CHLD 1 270.414062 1677509674.2267
CHLD 2 268.156250 1677509674.2267
CHLD 3 271.792969 1677509674.2267
CHLD 4 266.667969 1677509674.2267
CHLD 5 271.945312 1677509674.2267
CHLD 6 271.406250 1677509674.2267
CHLD 7 0.000000 1677509674.2268
CHLD 8 264.656250 1677509674.2268
CHLD 9 268.406250 1677509674.2268
CHLD 10 263.886719 1677509674.2268
CHLD 11 263.515625 1677509674.2268
CHLD 12 260.710938 1677509674.2268
CHLD 13 259.312500 1677509674.2269
CHLD 14 261.152344 1677509674.2269
CHLD 15 265.863281 1677509674.2269
CHLD 16 268.632812 1677509674.2269
CHLD 17 266.343750 1677509674.2269
CHLD 18 279.039062 1677509674.2269
CHLD 19 261.339844 1677509674.2270
CHLD 20 263.683594 1677509674.2270
CHLD 21 269.250000 1677509674.2270
CHLD 22 267.062500 1677509674.2270
CHLD 23 269.261719 1677509674.2270
CHLD 24 266.582031 1677509674.2270
CHLD 25 264.156250 1677509674.2270
CHLD 26 263.039062 1677509674.2271
CHLD 27 261.523438 1677509674.2271
CHLD 28 259.828125 1677509674.2271
CHLD 29 258.507812 1677509674.2271
CHLD 30 257.679688 1677509674.2271
CHLD 31 256.953125 1677509674.2272
CHLD 32 257.070312 1677509674.2272
CHLD 33 257.062500 1677509674.2272
CHLD 34 257.011719 1677509674.2272
CHLD 35 256.992188 1677509674.2272
CHLD 36 258.519531 1677509674.2272
CHLD 37 260.281250 1677509674.2272
CHLD 38 254.214844 1677509674.2273
CHLD 39 258.117188 1677509674.2273
CHLD 40 259.542969 1677509674.2273
CHLD 41 259.542969 1677509674.2273
CHLD 42 252.265625 1677509674.2273
CHLD 43 257.058594 1677509674.2273
CHLD 44 256.800781 1677509674.2274
CHLD 45 257.003906 1677509674.2274
CHLD 46 256.800781 1677509674.2274
CHLD 47 257.546875 1677509674.2274
CHLD 48 256.804688 1677509674.2274
CHLD 49 254.554688 1677509674.2274
CHLD 50 254.558594 1677509674.2275
CHLD 51 254.558594 1677509674.2275
CHLD 52 256.101562 1677509674.2275
CHLD 53 257.617188 1677509674.2275
MEM 15013.773438 1677509674.3606
CHLD 0 829.847656 1677509674.3787
CHLD 1 270.414062 1677509674.3787
CHLD 2 272.394531 1677509674.3788
CHLD 3 272.683594 1677509674.3788
CHLD 4 266.667969 1677509674.3788
CHLD 5 271.945312 1677509674.3788
CHLD 6 272.210938 1677509674.3788
CHLD 7 268.406250 1677509674.3788
CHLD 8 263.886719 1677509674.3789
CHLD 9 266.667969 1677509674.3789
CHLD 10 268.632812 1677509674.3789
CHLD 11 266.343750 1677509674.3789
CHLD 12 268.324219 1677509674.3789
CHLD 13 261.339844 1677509674.3789
CHLD 14 263.683594 1677509674.3789
CHLD 15 269.250000 1677509674.3790
CHLD 16 267.062500 1677509674.3790
CHLD 17 269.261719 1677509674.3790
CHLD 18 266.582031 1677509674.3790
CHLD 19 264.156250 1677509674.3790
CHLD 20 263.039062 1677509674.3790
CHLD 21 261.523438 1677509674.3791
CHLD 22 261.292969 1677509674.3791
CHLD 23 259.628906 1677509674.3791
CHLD 24 258.097656 1677509674.3791
CHLD 25 257.160156 1677509674.3791
CHLD 26 257.453125 1677509674.3791
CHLD 27 257.062500 1677509674.3792
CHLD 28 257.011719 1677509674.3792
CHLD 29 341.500000 1677509674.3792
CHLD 30 279.164062 1677509674.3792
CHLD 31 266.261719 1677509674.3792
CHLD 32 255.988281 1677509674.3792
CHLD 33 258.367188 1677509674.3793
CHLD 34 259.949219 1677509674.3793
CHLD 35 259.949219 1677509674.3793
CHLD 36 254.335938 1677509674.3793
CHLD 37 257.214844 1677509674.3793
CHLD 38 256.957031 1677509674.3793
CHLD 39 256.949219 1677509674.3794
CHLD 40 256.957031 1677509674.3794
CHLD 41 256.925781 1677509674.3794
CHLD 42 256.843750 1677509674.3794
CHLD 43 256.992188 1677509674.3794
CHLD 44 257.191406 1677509674.3794
CHLD 45 257.121094 1677509674.3795
CHLD 46 258.351562 1677509674.3795
CHLD 47 259.871094 1677509674.3795
CHLD 48 254.523438 1677509674.3795
CHLD 49 255.730469 1677509674.3795
CHLD 50 257.312500 1677509674.3795
CHLD 51 257.312500 1677509674.3795
CHLD 52 250.027344 1677509674.3796
CHLD 53 254.566406 1677509674.3796
CHLD 54 254.566406 1677509674.3796
MEM 16504.054688 1677509674.5084
CHLD 0 1010.140625 1677509674.5268
CHLD 1 270.414062 1677509674.5268
CHLD 2 272.394531 1677509674.5268
CHLD 3 328.179688 1677509674.5269
CHLD 4 266.667969 1677509674.5269
CHLD 5 272.835938 1677509674.5269
CHLD 6 269.933594 1677509674.5269
CHLD 7 268.406250 1677509674.5269
CHLD 8 263.886719 1677509674.5269
CHLD 9 266.667969 1677509674.5270
CHLD 10 268.714844 1677509674.5270
CHLD 11 266.343750 1677509674.5270
CHLD 12 268.406250 1677509674.5270
CHLD 13 264.101562 1677509674.5270
CHLD 14 263.765625 1677509674.5270
CHLD 15 269.250000 1677509674.5271
CHLD 16 269.554688 1677509674.5271
CHLD 17 269.261719 1677509674.5271
CHLD 18 266.582031 1677509674.5271
CHLD 19 266.128906 1677509674.5271
CHLD 20 264.914062 1677509674.5271
CHLD 21 263.136719 1677509674.5272
CHLD 22 261.324219 1677509674.5272
CHLD 23 259.730469 1677509674.5272
CHLD 24 258.105469 1677509674.5272
CHLD 25 257.441406 1677509674.5272
CHLD 26 365.496094 1677509674.5272
CHLD 27 313.351562 1677509674.5273
CHLD 28 313.304688 1677509674.5273
CHLD 29 256.671875 1677509674.5273
CHLD 30 268.468750 1677509674.5273
CHLD 31 266.343750 1677509674.5273
CHLD 32 256.003906 1677509674.5273
CHLD 33 258.390625 1677509674.5273
CHLD 34 259.972656 1677509674.5274
CHLD 35 259.972656 1677509674.5274
CHLD 36 254.351562 1677509674.5274
CHLD 37 257.230469 1677509674.5274
CHLD 38 256.972656 1677509674.5274
CHLD 39 263.988281 1677509674.5274
CHLD 40 262.554688 1677509674.5275
CHLD 41 256.925781 1677509674.5275
CHLD 42 259.597656 1677509674.5275
CHLD 43 258.207031 1677509674.5275
CHLD 44 257.207031 1677509674.5275
CHLD 45 256.199219 1677509674.5275
CHLD 46 258.765625 1677509674.5276
CHLD 47 260.281250 1677509674.5276
CHLD 48 254.410156 1677509674.5276
CHLD 49 258.222656 1677509674.5276
CHLD 50 259.804688 1677509674.5276
CHLD 51 259.566406 1677509674.5276
CHLD 52 253.164062 1677509674.5277
CHLD 53 257.082031 1677509674.5277
CHLD 54 257.093750 1677509674.5277
CHLD 55 254.570312 1677509674.5277
CHLD 56 254.574219 1677509674.5277
CHLD 57 254.574219 1677509674.5277
MEM 16573.777344 1677509674.6478
CHLD 0 1347.433594 1677509674.6666
CHLD 1 270.414062 1677509674.6666
CHLD 2 272.394531 1677509674.6666
CHLD 3 270.144531 1677509674.6666
CHLD 4 267.683594 1677509674.6667
CHLD 5 272.835938 1677509674.6667
CHLD 6 269.933594 1677509674.6667
CHLD 7 268.406250 1677509674.6667
CHLD 8 263.886719 1677509674.6667
CHLD 9 266.667969 1677509674.6667
CHLD 10 268.714844 1677509674.6668
CHLD 11 266.343750 1677509674.6668
CHLD 12 268.406250 1677509674.6668
CHLD 13 264.101562 1677509674.6668
CHLD 14 263.765625 1677509674.6668
CHLD 15 269.250000 1677509674.6668
CHLD 16 269.554688 1677509674.6669
CHLD 17 271.910156 1677509674.6669
CHLD 18 268.960938 1677509674.6669
CHLD 19 266.234375 1677509674.6669
CHLD 20 265.390625 1677509674.6669
CHLD 21 263.398438 1677509674.6669
CHLD 22 261.328125 1677509674.6670
CHLD 23 259.746094 1677509674.6670
CHLD 24 258.722656 1677509674.6670
CHLD 25 257.441406 1677509674.6670
CHLD 26 313.687500 1677509674.6670
CHLD 27 256.718750 1677509674.6670
CHLD 28 256.710938 1677509674.6670
CHLD 29 256.671875 1677509674.6671
CHLD 30 268.468750 1677509674.6671
CHLD 31 266.343750 1677509674.6671
CHLD 32 256.003906 1677509674.6671
CHLD 33 269.464844 1677509674.6671
CHLD 34 259.972656 1677509674.6672
CHLD 35 263.191406 1677509674.6672
CHLD 36 263.019531 1677509674.6672
CHLD 37 269.500000 1677509674.6672
CHLD 38 256.972656 1677509674.6672
CHLD 39 263.988281 1677509674.6672
CHLD 40 262.554688 1677509674.6673
CHLD 41 261.218750 1677509674.6673
CHLD 42 259.597656 1677509674.6673
CHLD 43 258.207031 1677509674.6673
CHLD 44 256.710938 1677509674.6673
CHLD 45 256.199219 1677509674.6673
CHLD 46 258.765625 1677509674.6674
CHLD 47 260.281250 1677509674.6674
CHLD 48 255.753906 1677509674.6674
CHLD 49 258.390625 1677509674.6674
CHLD 50 259.972656 1677509674.6674
CHLD 51 259.972656 1677509674.6674
CHLD 52 254.066406 1677509674.6675
CHLD 53 257.230469 1677509674.6675
CHLD 54 256.976562 1677509674.6675
CHLD 55 257.417969 1677509674.6675
CHLD 56 254.574219 1677509674.6675
CHLD 57 254.574219 1677509674.6675
MEM 16556.796875 1677509674.7878
CHLD 0 1265.535156 1677509674.8060
CHLD 1 271.566406 1677509674.8060
CHLD 2 272.394531 1677509674.8061
CHLD 3 269.617188 1677509674.8061
CHLD 4 267.683594 1677509674.8061
CHLD 5 272.835938 1677509674.8061
CHLD 6 269.933594 1677509674.8062
CHLD 7 268.406250 1677509674.8062
CHLD 8 263.886719 1677509674.8062
CHLD 9 266.667969 1677509674.8062
CHLD 10 268.714844 1677509674.8062
CHLD 11 266.343750 1677509674.8062
CHLD 12 268.406250 1677509674.8062
CHLD 13 264.128906 1677509674.8063
CHLD 14 263.765625 1677509674.8063
CHLD 15 271.902344 1677509674.8063
CHLD 16 269.585938 1677509674.8063
CHLD 17 271.937500 1677509674.8063
CHLD 18 268.988281 1677509674.8064
CHLD 19 266.238281 1677509674.8064
CHLD 20 265.398438 1677509674.8064
CHLD 21 263.398438 1677509674.8064
CHLD 22 261.328125 1677509674.8064
CHLD 23 259.746094 1677509674.8064
CHLD 24 258.722656 1677509674.8064
CHLD 25 257.441406 1677509674.8065
CHLD 26 256.980469 1677509674.8065
CHLD 27 256.191406 1677509674.8065
CHLD 28 256.710938 1677509674.8065
CHLD 29 256.144531 1677509674.8065
CHLD 30 268.468750 1677509674.8065
CHLD 31 266.343750 1677509674.8066
CHLD 32 256.003906 1677509674.8066
CHLD 33 269.097656 1677509674.8066
CHLD 34 269.808594 1677509674.8066
CHLD 35 269.250000 1677509674.8066
CHLD 36 266.812500 1677509674.8066
CHLD 37 269.261719 1677509674.8067
CHLD 38 266.082031 1677509674.8067
CHLD 39 263.988281 1677509674.8067
CHLD 40 262.554688 1677509674.8067
CHLD 41 261.218750 1677509674.8067
CHLD 42 261.042969 1677509674.8067
CHLD 43 258.207031 1677509674.8068
CHLD 44 256.710938 1677509674.8068
CHLD 45 256.199219 1677509674.8068
CHLD 46 258.765625 1677509674.8068
CHLD 47 268.957031 1677509674.8068
CHLD 48 255.753906 1677509674.8068
CHLD 49 258.390625 1677509674.8068
CHLD 50 259.972656 1677509674.8069
CHLD 51 259.972656 1677509674.8069
CHLD 52 254.066406 1677509674.8069
CHLD 53 257.230469 1677509674.8069
CHLD 54 257.734375 1677509674.8069
CHLD 55 257.222656 1677509674.8069
CHLD 56 254.574219 1677509674.8070
CHLD 57 254.574219 1677509674.8070
MEM 15377.527344 1677509674.9272
CHLD 0 1235.703125 1677509674.9463
CHLD 1 296.230469 1677509674.9463
CHLD 2 272.394531 1677509674.9464
CHLD 3 0.000000 1677509674.9464
CHLD 4 267.683594 1677509674.9464
CHLD 5 285.125000 1677509674.9464
CHLD 6 0.000000 1677509674.9464
CHLD 7 272.628906 1677509674.9464
CHLD 8 293.457031 1677509674.9465
CHLD 9 266.667969 1677509674.9465
CHLD 10 268.714844 1677509674.9465
CHLD 11 269.785156 1677509674.9465
CHLD 12 268.406250 1677509674.9465
CHLD 13 264.253906 1677509674.9465
CHLD 14 266.890625 1677509674.9466
CHLD 15 271.941406 1677509674.9466
CHLD 16 269.808594 1677509674.9466
CHLD 17 272.156250 1677509674.9466
CHLD 18 269.000000 1677509674.9466
CHLD 19 266.238281 1677509674.9466
CHLD 20 265.398438 1677509674.9467
CHLD 21 263.398438 1677509674.9467
CHLD 22 262.207031 1677509674.9467
CHLD 23 260.136719 1677509674.9467
CHLD 24 259.113281 1677509674.9467
CHLD 25 318.156250 1677509674.9467
CHLD 26 0.000000 1677509674.9468
CHLD 27 0.000000 1677509674.9468
CHLD 28 0.000000 1677509674.9468
CHLD 29 0.000000 1677509674.9468
CHLD 30 268.468750 1677509674.9468
CHLD 31 266.343750 1677509674.9468
CHLD 32 276.515625 1677509674.9468
CHLD 33 269.097656 1677509674.9469
CHLD 34 263.515625 1677509674.9469
CHLD 35 269.250000 1677509674.9469
CHLD 36 266.812500 1677509674.9469
CHLD 37 269.261719 1677509674.9469
CHLD 38 266.082031 1677509674.9469
CHLD 39 266.007812 1677509674.9470
CHLD 40 264.468750 1677509674.9470
CHLD 41 311.863281 1677509674.9470
CHLD 42 261.042969 1677509674.9470
CHLD 43 351.453125 1677509674.9470
CHLD 44 313.179688 1677509674.9470
CHLD 45 379.242188 1677509674.9471
CHLD 46 276.765625 1677509674.9471
CHLD 47 266.343750 1677509674.9471
CHLD 48 255.753906 1677509674.9471
CHLD 49 269.097656 1677509674.9471
CHLD 50 271.656250 1677509674.9472
CHLD 51 267.640625 1677509674.9472
CHLD 52 316.425781 1677509674.9472
CHLD 53 314.378906 1677509674.9472
CHLD 54 331.171875 1677509674.9472
CHLD 55 312.570312 1677509674.9472
CHLD 56 256.824219 1677509674.9473
CHLD 57 256.824219 1677509674.9473
MEM 15971.976562 1677509675.0726
CHLD 0 1743.015625 1677509675.0946
CHLD 1 268.230469 1677509675.0947
CHLD 2 272.394531 1677509675.0947
CHLD 3 0.000000 1677509675.0947
CHLD 4 267.683594 1677509675.0947
CHLD 5 328.328125 1677509675.0947
CHLD 6 0.000000 1677509675.0948
CHLD 7 272.656250 1677509675.0948
CHLD 8 320.156250 1677509675.0948
CHLD 9 266.667969 1677509675.0948
CHLD 10 268.714844 1677509675.0948
CHLD 11 270.035156 1677509675.0949
CHLD 12 268.406250 1677509675.0949
CHLD 13 264.363281 1677509675.0949
CHLD 14 266.890625 1677509675.0949
CHLD 15 271.941406 1677509675.0949
CHLD 16 269.816406 1677509675.0949
CHLD 17 272.167969 1677509675.0950
CHLD 18 269.000000 1677509675.0950
CHLD 19 266.238281 1677509675.0950
CHLD 20 265.398438 1677509675.0950
CHLD 21 263.925781 1677509675.0950
CHLD 22 262.207031 1677509675.0951
CHLD 23 260.136719 1677509675.0951
CHLD 24 259.113281 1677509675.0952
CHLD 25 257.015625 1677509675.0952
CHLD 26 0.000000 1677509675.0952
CHLD 27 0.000000 1677509675.0952
CHLD 28 0.000000 1677509675.0952
CHLD 29 0.000000 1677509675.0953
CHLD 30 268.468750 1677509675.0953
CHLD 31 269.820312 1677509675.0953
CHLD 32 268.324219 1677509675.0953
CHLD 33 269.097656 1677509675.0953
CHLD 34 263.515625 1677509675.0954
CHLD 35 269.250000 1677509675.0954
CHLD 36 266.812500 1677509675.0954
CHLD 37 269.261719 1677509675.0954
CHLD 38 266.082031 1677509675.0954
CHLD 39 266.007812 1677509675.0955
CHLD 40 264.468750 1677509675.0955
CHLD 41 345.812500 1677509675.0955
CHLD 42 261.304688 1677509675.0955
CHLD 43 258.417969 1677509675.0955
CHLD 44 256.921875 1677509675.0956
CHLD 45 312.667969 1677509675.0956
CHLD 46 268.714844 1677509675.0956
CHLD 47 266.343750 1677509675.0956
CHLD 48 272.546875 1677509675.0956
CHLD 49 269.097656 1677509675.0956
CHLD 50 263.515625 1677509675.0957
CHLD 51 269.250000 1677509675.0957
CHLD 52 351.574219 1677509675.0957
CHLD 53 297.515625 1677509675.0957
CHLD 54 322.472656 1677509675.0957
CHLD 55 292.492188 1677509675.0958
CHLD 56 257.207031 1677509675.0958
CHLD 57 257.199219 1677509675.0958
MEM 16158.593750 1677509675.2242
CHLD 0 2064.730469 1677509675.2426
CHLD 1 268.230469 1677509675.2426
CHLD 2 272.394531 1677509675.2426
CHLD 3 0.000000 1677509675.2426
CHLD 4 267.683594 1677509675.2427
CHLD 5 270.292969 1677509675.2427
CHLD 6 0.000000 1677509675.2427
CHLD 7 272.656250 1677509675.2427
CHLD 8 320.156250 1677509675.2427
CHLD 9 266.667969 1677509675.2427
CHLD 10 272.769531 1677509675.2427
CHLD 11 270.042969 1677509675.2428
CHLD 12 272.613281 1677509675.2428
CHLD 13 264.363281 1677509675.2428
CHLD 14 266.921875 1677509675.2428
CHLD 15 271.941406 1677509675.2428
CHLD 16 269.816406 1677509675.2428
CHLD 17 272.171875 1677509675.2429
CHLD 18 269.000000 1677509675.2429
CHLD 19 266.878906 1677509675.2429
CHLD 20 265.984375 1677509675.2429
CHLD 21 263.925781 1677509675.2429
CHLD 22 262.207031 1677509675.2429
CHLD 23 260.601562 1677509675.2430
CHLD 24 259.113281 1677509675.2430
CHLD 25 257.015625 1677509675.2430
CHLD 26 0.000000 1677509675.2430
CHLD 27 0.000000 1677509675.2430
CHLD 28 0.000000 1677509675.2430
CHLD 29 0.000000 1677509675.2431
CHLD 30 268.468750 1677509675.2431
CHLD 31 269.820312 1677509675.2431
CHLD 32 268.406250 1677509675.2431
CHLD 33 271.792969 1677509675.2431
CHLD 34 263.515625 1677509675.2431
CHLD 35 269.250000 1677509675.2432
CHLD 36 269.343750 1677509675.2432
CHLD 37 271.945312 1677509675.2432
CHLD 38 268.500000 1677509675.2432
CHLD 39 266.570312 1677509675.2432
CHLD 40 265.082031 1677509675.2432
CHLD 41 289.554688 1677509675.2433
CHLD 42 261.304688 1677509675.2433
CHLD 43 258.417969 1677509675.2433
CHLD 44 256.921875 1677509675.2433
CHLD 45 256.410156 1677509675.2433
CHLD 46 268.714844 1677509675.2433
CHLD 47 266.343750 1677509675.2434
CHLD 48 278.687500 1677509675.2434
CHLD 49 269.097656 1677509675.2434
CHLD 50 263.515625 1677509675.2434
CHLD 51 269.250000 1677509675.2434
CHLD 52 351.574219 1677509675.2434
CHLD 53 297.515625 1677509675.2435
CHLD 54 322.472656 1677509675.2435
CHLD 55 292.492188 1677509675.2435
CHLD 56 257.230469 1677509675.2435
CHLD 57 261.515625 1677509675.2435
MEM 16159.421875 1677509675.3634
CHLD 0 2138.007812 1677509675.3811
CHLD 1 268.230469 1677509675.3811
CHLD 2 273.746094 1677509675.3811
CHLD 3 0.000000 1677509675.3811
CHLD 4 267.683594 1677509675.3812
CHLD 5 270.292969 1677509675.3812
CHLD 6 0.000000 1677509675.3812
CHLD 7 272.656250 1677509675.3812
CHLD 8 262.121094 1677509675.3812
CHLD 9 267.671875 1677509675.3812
CHLD 10 272.804688 1677509675.3813
CHLD 11 270.042969 1677509675.3813
CHLD 12 272.648438 1677509675.3813
CHLD 13 264.363281 1677509675.3813
CHLD 14 266.921875 1677509675.3813
CHLD 15 271.941406 1677509675.3813
CHLD 16 269.816406 1677509675.3814
CHLD 17 272.171875 1677509675.3814
CHLD 18 269.757812 1677509675.3814
CHLD 19 267.058594 1677509675.3814
CHLD 20 265.984375 1677509675.3814
CHLD 21 263.925781 1677509675.3814
CHLD 22 262.726562 1677509675.3815
CHLD 23 260.601562 1677509675.3815
CHLD 24 259.113281 1677509675.3815
CHLD 25 257.015625 1677509675.3815
CHLD 26 0.000000 1677509675.3815
CHLD 27 0.000000 1677509675.3815
CHLD 28 0.000000 1677509675.3815
CHLD 29 0.000000 1677509675.3816
CHLD 30 272.535156 1677509675.3816
CHLD 31 269.820312 1677509675.3816
CHLD 32 268.406250 1677509675.3816
CHLD 33 271.792969 1677509675.3816
CHLD 34 263.515625 1677509675.3816
CHLD 35 271.945312 1677509675.3817
CHLD 36 269.343750 1677509675.3817
CHLD 37 271.945312 1677509675.3817
CHLD 38 268.500000 1677509675.3817
CHLD 39 266.671875 1677509675.3817
CHLD 40 265.082031 1677509675.3817
CHLD 41 256.375000 1677509675.3817
CHLD 42 261.304688 1677509675.3818
CHLD 43 258.417969 1677509675.3818
CHLD 44 256.921875 1677509675.3818
CHLD 45 256.410156 1677509675.3818
CHLD 46 268.714844 1677509675.3818
CHLD 47 266.343750 1677509675.3818
CHLD 48 268.156250 1677509675.3819
CHLD 49 271.777344 1677509675.3819
CHLD 50 263.515625 1677509675.3819
CHLD 51 269.250000 1677509675.3819
CHLD 52 351.574219 1677509675.3819
CHLD 53 297.515625 1677509675.3819
CHLD 54 322.472656 1677509675.3820
CHLD 55 292.492188 1677509675.3820
CHLD 56 262.718750 1677509675.3820
CHLD 57 261.515625 1677509675.3820
MEM 16309.281250 1677509675.5018
CHLD 0 2302.871094 1677509675.5203
CHLD 1 268.230469 1677509675.5203
CHLD 2 273.746094 1677509675.5203
CHLD 3 0.000000 1677509675.5203
CHLD 4 268.691406 1677509675.5204
CHLD 5 270.292969 1677509675.5204
CHLD 6 0.000000 1677509675.5204
CHLD 7 272.656250 1677509675.5204
CHLD 8 262.121094 1677509675.5204
CHLD 9 267.671875 1677509675.5204
CHLD 10 272.804688 1677509675.5205
CHLD 11 270.042969 1677509675.5205
CHLD 12 272.648438 1677509675.5205
CHLD 13 264.363281 1677509675.5205
CHLD 14 266.921875 1677509675.5205
CHLD 15 272.812500 1677509675.5205
CHLD 16 270.605469 1677509675.5206
CHLD 17 273.042969 1677509675.5206
CHLD 18 269.757812 1677509675.5206
CHLD 19 267.105469 1677509675.5206
CHLD 20 265.984375 1677509675.5206
CHLD 21 263.925781 1677509675.5206
CHLD 22 262.726562 1677509675.5206
CHLD 23 260.601562 1677509675.5207
CHLD 24 259.113281 1677509675.5207
CHLD 25 257.015625 1677509675.5207
CHLD 26 0.000000 1677509675.5207
CHLD 27 0.000000 1677509675.5207
CHLD 28 0.000000 1677509675.5207
CHLD 29 0.000000 1677509675.5208
CHLD 30 272.535156 1677509675.5208
CHLD 31 269.820312 1677509675.5208
CHLD 32 268.406250 1677509675.5208
CHLD 33 271.792969 1677509675.5208
CHLD 34 266.667969 1677509675.5208
CHLD 35 271.945312 1677509675.5209
CHLD 36 269.343750 1677509675.5209
CHLD 37 271.945312 1677509675.5209
CHLD 38 268.500000 1677509675.5209
CHLD 39 266.671875 1677509675.5209
CHLD 40 265.691406 1677509675.5209
CHLD 41 256.375000 1677509675.5210
CHLD 42 261.304688 1677509675.5210
CHLD 43 257.890625 1677509675.5210
CHLD 44 256.921875 1677509675.5210
CHLD 45 256.410156 1677509675.5210
CHLD 46 268.714844 1677509675.5210
CHLD 47 269.804688 1677509675.5210
CHLD 48 268.156250 1677509675.5211
CHLD 49 271.792969 1677509675.5211
CHLD 50 266.679688 1677509675.5211
CHLD 51 271.945312 1677509675.5211
CHLD 52 351.574219 1677509675.5211
CHLD 53 297.515625 1677509675.5212
CHLD 54 266.214844 1677509675.5212
CHLD 55 292.492188 1677509675.5212
CHLD 56 262.718750 1677509675.5212
CHLD 57 261.515625 1677509675.5212
MEM 16012.355469 1677509675.6413
CHLD 0 2069.847656 1677509675.6597
CHLD 1 267.703125 1677509675.6598
CHLD 2 273.746094 1677509675.6598
CHLD 3 0.000000 1677509675.6598
CHLD 4 268.691406 1677509675.6598
CHLD 5 269.765625 1677509675.6598
CHLD 6 0.000000 1677509675.6598
CHLD 7 272.656250 1677509675.6599
CHLD 8 261.593750 1677509675.6599
CHLD 9 267.671875 1677509675.6599
CHLD 10 272.804688 1677509675.6599
CHLD 11 270.042969 1677509675.6599
CHLD 12 272.648438 1677509675.6599
CHLD 13 265.246094 1677509675.6600
CHLD 14 266.921875 1677509675.6600
CHLD 15 272.812500 1677509675.6600
CHLD 16 270.605469 1677509675.6600
CHLD 17 273.042969 1677509675.6600
CHLD 18 269.757812 1677509675.6600
CHLD 19 267.105469 1677509675.6601
CHLD 20 266.890625 1677509675.6601
CHLD 21 264.523438 1677509675.6601
CHLD 22 262.726562 1677509675.6601
CHLD 23 260.601562 1677509675.6602
CHLD 24 259.113281 1677509675.6602
CHLD 25 256.488281 1677509675.6602
CHLD 26 0.000000 1677509675.6602
CHLD 27 0.000000 1677509675.6602
CHLD 28 0.000000 1677509675.6602
CHLD 29 0.000000 1677509675.6603
CHLD 30 272.535156 1677509675.6603
CHLD 31 270.531250 1677509675.6603
CHLD 32 268.406250 1677509675.6603
CHLD 33 272.765625 1677509675.6603
CHLD 34 266.667969 1677509675.6603
CHLD 35 271.945312 1677509675.6604
CHLD 36 270.148438 1677509675.6604
CHLD 37 272.847656 1677509675.6604
CHLD 38 269.269531 1677509675.6604
CHLD 39 267.335938 1677509675.6604
CHLD 40 265.691406 1677509675.6604
CHLD 41 256.375000 1677509675.6605
CHLD 42 314.105469 1677509675.6605
CHLD 43 257.890625 1677509675.6605
CHLD 44 256.921875 1677509675.6605
CHLD 45 256.410156 1677509675.6605
CHLD 46 268.714844 1677509675.6605
CHLD 47 269.816406 1677509675.6606
CHLD 48 268.156250 1677509675.6606
CHLD 49 271.792969 1677509675.6606
CHLD 50 266.679688 1677509675.6606
CHLD 51 271.945312 1677509675.6606
CHLD 52 295.316406 1677509675.6606
CHLD 53 297.515625 1677509675.6606
CHLD 54 265.687500 1677509675.6607
CHLD 55 258.390625 1677509675.6607
CHLD 56 262.718750 1677509675.6607
CHLD 57 261.515625 1677509675.6607
MEM 15916.714844 1677509675.7812
CHLD 0 2071.972656 1677509675.8021
CHLD 1 330.050781 1677509675.8021
CHLD 2 0.000000 1677509675.8021
CHLD 3 268.691406 1677509675.8022
CHLD 4 269.765625 1677509675.8022
CHLD 5 0.000000 1677509675.8022
CHLD 6 274.007812 1677509675.8022
CHLD 7 0.000000 1677509675.8022
CHLD 8 322.925781 1677509675.8022
CHLD 9 272.804688 1677509675.8023
CHLD 10 271.191406 1677509675.8023
CHLD 11 272.648438 1677509675.8023
CHLD 12 265.246094 1677509675.8023
CHLD 13 267.812500 1677509675.8023
CHLD 14 272.812500 1677509675.8024
CHLD 15 270.605469 1677509675.8024
CHLD 16 273.054688 1677509675.8024
CHLD 17 269.757812 1677509675.8024
CHLD 18 267.816406 1677509675.8024
CHLD 19 266.890625 1677509675.8024
CHLD 20 264.523438 1677509675.8024
CHLD 21 262.726562 1677509675.8025
CHLD 22 260.601562 1677509675.8025
CHLD 23 315.156250 1677509675.8025
CHLD 24 256.488281 1677509675.8025
CHLD 25 0.000000 1677509675.8025
CHLD 26 0.000000 1677509675.8026
CHLD 27 0.000000 1677509675.8026
CHLD 28 0.000000 1677509675.8026
CHLD 29 272.535156 1677509675.8026
CHLD 30 270.984375 1677509675.8026
CHLD 31 272.640625 1677509675.8026
CHLD 32 272.910156 1677509675.8027
CHLD 33 266.667969 1677509675.8027
CHLD 34 272.835938 1677509675.8027
CHLD 35 270.148438 1677509675.8027
CHLD 36 272.847656 1677509675.8027
CHLD 37 269.269531 1677509675.8027
CHLD 38 267.335938 1677509675.8028
CHLD 39 265.691406 1677509675.8028
CHLD 40 0.000000 1677509675.8028
CHLD 41 260.214844 1677509675.8028
CHLD 42 0.000000 1677509675.8028
CHLD 43 256.394531 1677509675.8028
CHLD 44 255.882812 1677509675.8029
CHLD 45 272.789062 1677509675.8029
CHLD 46 269.816406 1677509675.8029
CHLD 47 268.156250 1677509675.8029
CHLD 48 272.660156 1677509675.8029
CHLD 49 266.679688 1677509675.8030
CHLD 50 271.945312 1677509675.8030
CHLD 51 259.312500 1677509675.8030
CHLD 52 261.167969 1677509675.8030
CHLD 53 265.687500 1677509675.8030
CHLD 54 258.390625 1677509675.8030
CHLD 55 319.187500 1677509675.8031
CHLD 56 346.109375 1677509675.8031
MEM 15156.074219 1677509675.9228
CHLD 0 2350.929688 1677509675.9409
CHLD 1 269.648438 1677509675.9410
CHLD 2 0.000000 1677509675.9410
CHLD 3 268.691406 1677509675.9410
CHLD 4 269.765625 1677509675.9410
CHLD 5 0.000000 1677509675.9410
CHLD 6 274.007812 1677509675.9411
CHLD 7 0.000000 1677509675.9411
CHLD 8 264.656250 1677509675.9411
CHLD 9 272.804688 1677509675.9411
CHLD 10 271.191406 1677509675.9411
CHLD 11 272.648438 1677509675.9412
CHLD 12 265.246094 1677509675.9412
CHLD 13 267.917969 1677509675.9412
CHLD 14 272.812500 1677509675.9412
CHLD 15 270.605469 1677509675.9412
CHLD 16 273.054688 1677509675.9412
CHLD 17 270.492188 1677509675.9413
CHLD 18 267.816406 1677509675.9413
CHLD 19 266.890625 1677509675.9413
CHLD 20 264.523438 1677509675.9413
CHLD 21 262.730469 1677509675.9413
CHLD 22 260.601562 1677509675.9413
CHLD 23 258.218750 1677509675.9414
CHLD 24 256.488281 1677509675.9414
CHLD 25 0.000000 1677509675.9414
CHLD 26 0.000000 1677509675.9414
CHLD 27 0.000000 1677509675.9414
CHLD 28 0.000000 1677509675.9414
CHLD 29 272.535156 1677509675.9415
CHLD 30 270.984375 1677509675.9415
CHLD 31 272.644531 1677509675.9415
CHLD 32 272.914062 1677509675.9415
CHLD 33 266.667969 1677509675.9415
CHLD 34 272.835938 1677509675.9415
CHLD 35 270.148438 1677509675.9416
CHLD 36 272.847656 1677509675.9416
CHLD 37 269.269531 1677509675.9416
CHLD 38 267.335938 1677509675.9416
CHLD 39 265.691406 1677509675.9416
CHLD 40 0.000000 1677509675.9416
CHLD 41 259.687500 1677509675.9416
CHLD 42 0.000000 1677509675.9417
CHLD 43 256.394531 1677509675.9417
CHLD 44 255.882812 1677509675.9417
CHLD 45 272.792969 1677509675.9417
CHLD 46 269.820312 1677509675.9417
CHLD 47 272.378906 1677509675.9417
CHLD 48 272.691406 1677509675.9418
CHLD 49 266.679688 1677509675.9418
CHLD 50 272.835938 1677509675.9418
CHLD 51 259.312500 1677509675.9418
CHLD 52 261.167969 1677509675.9418
CHLD 53 265.687500 1677509675.9418
CHLD 54 258.390625 1677509675.9419
CHLD 55 262.929688 1677509675.9419
CHLD 56 289.851562 1677509675.9419
MEM 14522.621094 1677509676.0618
CHLD 0 2269.203125 1677509676.0799
CHLD 1 269.121094 1677509676.0799
CHLD 2 0.000000 1677509676.0800
CHLD 3 268.691406 1677509676.0800
CHLD 4 0.000000 1677509676.0800
CHLD 5 0.000000 1677509676.0800
CHLD 6 274.007812 1677509676.0800
CHLD 7 0.000000 1677509676.0800
CHLD 8 264.128906 1677509676.0801
CHLD 9 274.117188 1677509676.0801
CHLD 10 271.191406 1677509676.0802
CHLD 11 273.992188 1677509676.0802
CHLD 12 265.246094 1677509676.0802
CHLD 13 267.917969 1677509676.0802
CHLD 14 272.812500 1677509676.0802
CHLD 15 271.429688 1677509676.0802
CHLD 16 273.054688 1677509676.0803
CHLD 17 270.558594 1677509676.0803
CHLD 18 267.816406 1677509676.0803
CHLD 19 266.890625 1677509676.0803
CHLD 20 264.523438 1677509676.0803
CHLD 21 262.730469 1677509676.0803
CHLD 22 260.601562 1677509676.0804
CHLD 23 257.691406 1677509676.0804
CHLD 24 256.488281 1677509676.0804
CHLD 25 0.000000 1677509676.0804
CHLD 26 0.000000 1677509676.0804
CHLD 27 0.000000 1677509676.0804
CHLD 28 0.000000 1677509676.0804
CHLD 29 273.886719 1677509676.0805
CHLD 30 270.984375 1677509676.0805
CHLD 31 272.644531 1677509676.0805
CHLD 32 272.914062 1677509676.0805
CHLD 33 267.671875 1677509676.0805
CHLD 34 272.835938 1677509676.0805
CHLD 35 270.949219 1677509676.0806
CHLD 36 273.738281 1677509676.0806
CHLD 37 270.039062 1677509676.0806
CHLD 38 267.335938 1677509676.0806
CHLD 39 265.691406 1677509676.0806
CHLD 40 0.000000 1677509676.0806
CHLD 41 259.687500 1677509676.0807
CHLD 42 0.000000 1677509676.0807
CHLD 43 256.394531 1677509676.0807
CHLD 44 255.882812 1677509676.0807
CHLD 45 272.792969 1677509676.0807
CHLD 46 269.820312 1677509676.0807
CHLD 47 272.394531 1677509676.0808
CHLD 48 272.691406 1677509676.0808
CHLD 49 267.687500 1677509676.0808
CHLD 50 272.835938 1677509676.0808
CHLD 51 259.312500 1677509676.0808
CHLD 52 261.167969 1677509676.0808
CHLD 53 265.687500 1677509676.0809
CHLD 54 0.000000 1677509676.0809
CHLD 55 262.929688 1677509676.0809
CHLD 56 256.671875 1677509676.0809
MEM 11938.035156 1677509676.2005
CHLD 0 2676.160156 1677509676.2187
CHLD 1 268.691406 1677509676.2187
CHLD 2 0.000000 1677509676.2188
CHLD 3 0.000000 1677509676.2188
CHLD 4 269.910156 1677509676.2188
CHLD 5 0.000000 1677509676.2188
CHLD 6 0.000000 1677509676.2188
CHLD 7 274.152344 1677509676.2188
CHLD 8 271.191406 1677509676.2188
CHLD 9 273.992188 1677509676.2189
CHLD 10 265.246094 1677509676.2189
CHLD 11 267.917969 1677509676.2189
CHLD 12 273.734375 1677509676.2189
CHLD 13 271.429688 1677509676.2189
CHLD 14 273.980469 1677509676.2189
CHLD 15 270.558594 1677509676.2190
CHLD 16 267.816406 1677509676.2190
CHLD 17 266.890625 1677509676.2190
CHLD 18 264.523438 1677509676.2190
CHLD 19 261.421875 1677509676.2190
CHLD 20 259.492188 1677509676.2190
CHLD 21 0.000000 1677509676.2191
CHLD 22 0.000000 1677509676.2191
CHLD 23 0.000000 1677509676.2191
CHLD 24 0.000000 1677509676.2191
CHLD 25 0.000000 1677509676.2191
CHLD 26 0.000000 1677509676.2192
CHLD 27 330.359375 1677509676.2192
CHLD 28 270.984375 1677509676.2192
CHLD 29 272.644531 1677509676.2192
CHLD 30 273.804688 1677509676.2192
CHLD 31 267.671875 1677509676.2192
CHLD 32 273.726562 1677509676.2192
CHLD 33 270.949219 1677509676.2193
CHLD 34 273.738281 1677509676.2193
CHLD 35 270.039062 1677509676.2193
CHLD 36 267.335938 1677509676.2193
CHLD 37 263.914062 1677509676.2193
CHLD 38 0.000000 1677509676.2193
CHLD 39 0.000000 1677509676.2194
CHLD 40 0.000000 1677509676.2194
CHLD 41 0.000000 1677509676.2194
CHLD 42 0.000000 1677509676.2194
CHLD 43 272.792969 1677509676.2194
CHLD 44 328.054688 1677509676.2194
CHLD 45 272.394531 1677509676.2195
CHLD 46 270.152344 1677509676.2195
CHLD 47 267.687500 1677509676.2195
CHLD 48 270.292969 1677509676.2195
CHLD 49 0.000000 1677509676.2195
CHLD 50 0.000000 1677509676.2195
CHLD 51 0.000000 1677509676.2195
CHLD 52 0.000000 1677509676.2196
CHLD 53 0.000000 1677509676.2196
CHLD 54 0.000000 1677509676.2196
MEM 12031.269531 1677509676.3390
CHLD 0 2859.878906 1677509676.3568
CHLD 1 268.691406 1677509676.3569
CHLD 2 0.000000 1677509676.3569
CHLD 3 0.000000 1677509676.3569
CHLD 4 269.910156 1677509676.3569
CHLD 5 0.000000 1677509676.3569
CHLD 6 0.000000 1677509676.3570
CHLD 7 274.152344 1677509676.3570
CHLD 8 271.191406 1677509676.3570
CHLD 9 273.992188 1677509676.3570
CHLD 10 266.160156 1677509676.3570
CHLD 11 267.917969 1677509676.3570
CHLD 12 273.734375 1677509676.3571
CHLD 13 271.429688 1677509676.3571
CHLD 14 273.980469 1677509676.3571
CHLD 15 270.558594 1677509676.3571
CHLD 16 267.816406 1677509676.3571
CHLD 17 266.890625 1677509676.3571
CHLD 18 264.523438 1677509676.3572
CHLD 19 261.421875 1677509676.3572
CHLD 20 259.492188 1677509676.3572
CHLD 21 0.000000 1677509676.3572
CHLD 22 0.000000 1677509676.3572
CHLD 23 0.000000 1677509676.3572
CHLD 24 0.000000 1677509676.3573
CHLD 25 0.000000 1677509676.3573
CHLD 26 0.000000 1677509676.3573
CHLD 27 269.957031 1677509676.3573
CHLD 28 272.136719 1677509676.3573
CHLD 29 272.644531 1677509676.3573
CHLD 30 273.804688 1677509676.3574
CHLD 31 267.671875 1677509676.3574
CHLD 32 273.726562 1677509676.3574
CHLD 33 270.949219 1677509676.3574
CHLD 34 273.738281 1677509676.3574
CHLD 35 270.039062 1677509676.3574
CHLD 36 267.335938 1677509676.3574
CHLD 37 263.914062 1677509676.3575
CHLD 38 0.000000 1677509676.3575
CHLD 39 0.000000 1677509676.3575
CHLD 40 0.000000 1677509676.3575
CHLD 41 0.000000 1677509676.3575
CHLD 42 0.000000 1677509676.3575
CHLD 43 272.792969 1677509676.3576
CHLD 44 328.054688 1677509676.3576
CHLD 45 272.394531 1677509676.3576
CHLD 46 270.152344 1677509676.3576
CHLD 47 267.687500 1677509676.3576
CHLD 48 270.292969 1677509676.3576
CHLD 49 0.000000 1677509676.3577
CHLD 50 0.000000 1677509676.3577
CHLD 51 0.000000 1677509676.3577
CHLD 52 0.000000 1677509676.3577
CHLD 53 0.000000 1677509676.3577
CHLD 54 0.000000 1677509676.3577
MEM 12041.273438 1677509676.4775
CHLD 0 2799.921875 1677509676.4956
CHLD 1 269.570312 1677509676.4956
CHLD 2 0.000000 1677509676.4957
CHLD 3 0.000000 1677509676.4957
CHLD 4 269.382812 1677509676.4957
CHLD 5 0.000000 1677509676.4957
CHLD 6 0.000000 1677509676.4957
CHLD 7 274.152344 1677509676.4957
CHLD 8 272.367188 1677509676.4957
CHLD 9 273.992188 1677509676.4958
CHLD 10 266.160156 1677509676.4958
CHLD 11 268.949219 1677509676.4958
CHLD 12 273.734375 1677509676.4958
CHLD 13 271.429688 1677509676.4958
CHLD 14 273.980469 1677509676.4958
CHLD 15 270.558594 1677509676.4959
CHLD 16 267.816406 1677509676.4959
CHLD 17 266.890625 1677509676.4959
CHLD 18 264.523438 1677509676.4959
CHLD 19 261.421875 1677509676.4959
CHLD 20 258.964844 1677509676.4959
CHLD 21 0.000000 1677509676.4960
CHLD 22 0.000000 1677509676.4960
CHLD 23 0.000000 1677509676.4960
CHLD 24 0.000000 1677509676.4960
CHLD 25 0.000000 1677509676.4960
CHLD 26 0.000000 1677509676.4960
CHLD 27 269.429688 1677509676.4960
CHLD 28 272.136719 1677509676.4961
CHLD 29 273.996094 1677509676.4961
CHLD 30 273.804688 1677509676.4961
CHLD 31 268.906250 1677509676.4961
CHLD 32 273.726562 1677509676.4961
CHLD 33 270.949219 1677509676.4962
CHLD 34 273.742188 1677509676.4962
CHLD 35 270.039062 1677509676.4962
CHLD 36 267.335938 1677509676.4962
CHLD 37 263.914062 1677509676.4962
CHLD 38 0.000000 1677509676.4962
CHLD 39 0.000000 1677509676.4962
CHLD 40 0.000000 1677509676.4963
CHLD 41 0.000000 1677509676.4963
CHLD 42 0.000000 1677509676.4963
CHLD 43 274.144531 1677509676.4963
CHLD 44 267.652344 1677509676.4963
CHLD 45 272.394531 1677509676.4963
CHLD 46 270.152344 1677509676.4964
CHLD 47 268.695312 1677509676.4964
CHLD 48 270.292969 1677509676.4964
CHLD 49 0.000000 1677509676.4964
CHLD 50 0.000000 1677509676.4964
CHLD 51 0.000000 1677509676.4964
CHLD 52 0.000000 1677509676.4964
CHLD 53 0.000000 1677509676.4965
CHLD 54 0.000000 1677509676.4965
MEM 9767.324219 1677509676.6160
CHLD 0 2656.089844 1677509676.6339
CHLD 1 269.570312 1677509676.6340
CHLD 2 0.000000 1677509676.6340
CHLD 3 0.000000 1677509676.6340
CHLD 4 0.000000 1677509676.6340
CHLD 5 0.000000 1677509676.6340
CHLD 6 0.000000 1677509676.6341
CHLD 7 274.152344 1677509676.6341
CHLD 8 272.367188 1677509676.6341
CHLD 9 273.992188 1677509676.6341
CHLD 10 266.160156 1677509676.6341
CHLD 11 268.949219 1677509676.6342
CHLD 12 273.734375 1677509676.6342
CHLD 13 271.429688 1677509676.6342
CHLD 14 273.980469 1677509676.6342
CHLD 15 270.558594 1677509676.6342
CHLD 16 267.816406 1677509676.6342
CHLD 17 266.890625 1677509676.6342
CHLD 18 347.738281 1677509676.6343
CHLD 19 0.000000 1677509676.6343
CHLD 20 0.000000 1677509676.6343
CHLD 21 0.000000 1677509676.6343
CHLD 22 0.000000 1677509676.6343
CHLD 23 0.000000 1677509676.6343
CHLD 24 0.000000 1677509676.6344
CHLD 25 0.000000 1677509676.6344
CHLD 26 0.000000 1677509676.6344
CHLD 27 0.000000 1677509676.6344
CHLD 28 272.136719 1677509676.6344
CHLD 29 273.996094 1677509676.6344
CHLD 30 273.804688 1677509676.6344
CHLD 31 268.917969 1677509676.6345
CHLD 32 273.734375 1677509676.6345
CHLD 33 270.949219 1677509676.6345
CHLD 34 273.742188 1677509676.6345
CHLD 35 270.039062 1677509676.6345
CHLD 36 267.335938 1677509676.6345
CHLD 37 0.000000 1677509676.6346
CHLD 38 0.000000 1677509676.6346
CHLD 39 0.000000 1677509676.6346
CHLD 40 0.000000 1677509676.6346
CHLD 41 0.000000 1677509676.6346
CHLD 42 0.000000 1677509676.6346
CHLD 43 354.941406 1677509676.6346
CHLD 44 0.000000 1677509676.6347
CHLD 45 297.855469 1677509676.6347
CHLD 46 0.000000 1677509676.6347
CHLD 47 268.695312 1677509676.6347
CHLD 48 0.000000 1677509676.6347
CHLD 49 0.000000 1677509676.6347
CHLD 50 0.000000 1677509676.6348
CHLD 51 0.000000 1677509676.6348
CHLD 52 0.000000 1677509676.6348
CHLD 53 0.000000 1677509676.6348
CHLD 54 0.000000 1677509676.6348
MEM 9966.421875 1677509676.7544
CHLD 0 2931.046875 1677509676.7723
CHLD 1 269.570312 1677509676.7724
CHLD 2 0.000000 1677509676.7724
CHLD 3 0.000000 1677509676.7724
CHLD 4 0.000000 1677509676.7724
CHLD 5 0.000000 1677509676.7724
CHLD 6 0.000000 1677509676.7724
CHLD 7 274.152344 1677509676.7725
CHLD 8 272.367188 1677509676.7725
CHLD 9 273.992188 1677509676.7725
CHLD 10 266.160156 1677509676.7725
CHLD 11 268.949219 1677509676.7725
CHLD 12 273.734375 1677509676.7725
CHLD 13 271.429688 1677509676.7726
CHLD 14 273.980469 1677509676.7726
CHLD 15 270.558594 1677509676.7726
CHLD 16 267.816406 1677509676.7726
CHLD 17 322.664062 1677509676.7726
CHLD 18 263.003906 1677509676.7726
CHLD 19 0.000000 1677509676.7727
CHLD 20 0.000000 1677509676.7727
CHLD 21 0.000000 1677509676.7727
CHLD 22 0.000000 1677509676.7727
CHLD 23 0.000000 1677509676.7727
CHLD 24 0.000000 1677509676.7727
CHLD 25 0.000000 1677509676.7727
CHLD 26 0.000000 1677509676.7728
CHLD 27 0.000000 1677509676.7728
CHLD 28 272.136719 1677509676.7728
CHLD 29 273.996094 1677509676.7728
CHLD 30 273.804688 1677509676.7728
CHLD 31 268.917969 1677509676.7728
CHLD 32 273.734375 1677509676.7729
CHLD 33 271.652344 1677509676.7729
CHLD 34 273.742188 1677509676.7729
CHLD 35 270.039062 1677509676.7729
CHLD 36 267.335938 1677509676.7729
CHLD 37 0.000000 1677509676.7729
CHLD 38 0.000000 1677509676.7730
CHLD 39 0.000000 1677509676.7730
CHLD 40 0.000000 1677509676.7730
CHLD 41 0.000000 1677509676.7730
CHLD 42 0.000000 1677509676.7730
CHLD 43 270.214844 1677509676.7730
CHLD 44 0.000000 1677509676.7730
CHLD 45 269.648438 1677509676.7731
CHLD 46 0.000000 1677509676.7731
CHLD 47 268.695312 1677509676.7731
CHLD 48 0.000000 1677509676.7731
CHLD 49 0.000000 1677509676.7731
CHLD 50 0.000000 1677509676.7731
CHLD 51 0.000000 1677509676.7732
CHLD 52 0.000000 1677509676.7732
CHLD 53 0.000000 1677509676.7732
CHLD 54 0.000000 1677509676.7732
MEM 9122.570312 1677509676.8923
CHLD 0 2942.312500 1677509676.9095
CHLD 1 269.570312 1677509676.9095
CHLD 2 0.000000 1677509676.9095
CHLD 3 0.000000 1677509676.9095
CHLD 4 0.000000 1677509676.9095
CHLD 5 0.000000 1677509676.9096
CHLD 6 0.000000 1677509676.9096
CHLD 7 275.503906 1677509676.9096
CHLD 8 272.367188 1677509676.9096
CHLD 9 275.359375 1677509676.9096
CHLD 10 266.160156 1677509676.9096
CHLD 11 268.949219 1677509676.9097
CHLD 12 273.734375 1677509676.9097
CHLD 13 271.429688 1677509676.9097
CHLD 14 273.980469 1677509676.9097
CHLD 15 271.230469 1677509676.9097
CHLD 16 267.816406 1677509676.9097
CHLD 17 265.187500 1677509676.9097
CHLD 18 0.000000 1677509676.9098
CHLD 19 0.000000 1677509676.9098
CHLD 20 0.000000 1677509676.9098
CHLD 21 0.000000 1677509676.9098
CHLD 22 0.000000 1677509676.9098
CHLD 23 0.000000 1677509676.9098
CHLD 24 0.000000 1677509676.9099
CHLD 25 0.000000 1677509676.9099
CHLD 26 0.000000 1677509676.9099
CHLD 27 0.000000 1677509676.9099
CHLD 28 272.136719 1677509676.9099
CHLD 29 273.996094 1677509676.9099
CHLD 30 273.804688 1677509676.9099
CHLD 31 268.917969 1677509676.9100
CHLD 32 273.734375 1677509676.9100
CHLD 33 271.652344 1677509676.9100
CHLD 34 274.632812 1677509676.9100
CHLD 35 270.710938 1677509676.9100
CHLD 36 267.335938 1677509676.9100
CHLD 37 0.000000 1677509676.9101
CHLD 38 0.000000 1677509676.9101
CHLD 39 0.000000 1677509676.9101
CHLD 40 0.000000 1677509676.9101
CHLD 41 0.000000 1677509676.9101
CHLD 42 0.000000 1677509676.9101
CHLD 43 0.000000 1677509676.9102
CHLD 44 0.000000 1677509676.9102
CHLD 45 0.000000 1677509676.9102
CHLD 46 0.000000 1677509676.9102
CHLD 47 268.695312 1677509676.9102
CHLD 48 0.000000 1677509676.9102
CHLD 49 0.000000 1677509676.9102
CHLD 50 0.000000 1677509676.9103
CHLD 51 0.000000 1677509676.9103
CHLD 52 0.000000 1677509676.9103
CHLD 53 0.000000 1677509676.9103
CHLD 54 0.000000 1677509676.9103
MEM 9030.652344 1677509677.0287
CHLD 0 3073.812500 1677509677.0454
CHLD 1 324.949219 1677509677.0454
CHLD 2 0.000000 1677509677.0455
CHLD 3 0.000000 1677509677.0455
CHLD 4 0.000000 1677509677.0455
CHLD 5 0.000000 1677509677.0455
CHLD 6 0.000000 1677509677.0455
CHLD 7 275.503906 1677509677.0455
CHLD 8 272.367188 1677509677.0456
CHLD 9 275.363281 1677509677.0456
CHLD 10 266.160156 1677509677.0456
CHLD 11 268.949219 1677509677.0456
CHLD 12 273.734375 1677509677.0456
CHLD 13 272.128906 1677509677.0456
CHLD 14 273.980469 1677509677.0457
CHLD 15 271.230469 1677509677.0457
CHLD 16 265.953125 1677509677.0457
CHLD 17 0.000000 1677509677.0457
CHLD 18 0.000000 1677509677.0457
CHLD 19 0.000000 1677509677.0457
CHLD 20 0.000000 1677509677.0457
CHLD 21 0.000000 1677509677.0458
CHLD 22 0.000000 1677509677.0458
CHLD 23 0.000000 1677509677.0458
CHLD 24 0.000000 1677509677.0458
CHLD 25 0.000000 1677509677.0458
CHLD 26 0.000000 1677509677.0458
CHLD 27 0.000000 1677509677.0458
CHLD 28 272.136719 1677509677.0459
CHLD 29 273.996094 1677509677.0459
CHLD 30 273.804688 1677509677.0459
CHLD 31 268.917969 1677509677.0459
CHLD 32 273.734375 1677509677.0459
CHLD 33 271.652344 1677509677.0459
CHLD 34 274.632812 1677509677.0459
CHLD 35 270.710938 1677509677.0460
CHLD 36 267.335938 1677509677.0460
CHLD 37 0.000000 1677509677.0460
CHLD 38 0.000000 1677509677.0460
CHLD 39 0.000000 1677509677.0460
CHLD 40 0.000000 1677509677.0460
CHLD 41 0.000000 1677509677.0460
CHLD 42 0.000000 1677509677.0461
CHLD 43 0.000000 1677509677.0461
CHLD 44 0.000000 1677509677.0461
CHLD 45 0.000000 1677509677.0461
CHLD 46 0.000000 1677509677.0461
CHLD 47 265.675781 1677509677.0461
CHLD 48 0.000000 1677509677.0462
CHLD 49 0.000000 1677509677.0462
CHLD 50 0.000000 1677509677.0462
CHLD 51 0.000000 1677509677.0462
CHLD 52 0.000000 1677509677.0462
CHLD 53 0.000000 1677509677.0462
CHLD 54 0.000000 1677509677.0462
MEM 8216.406250 1677509677.1659
CHLD 0 3062.937500 1677509677.1841
CHLD 1 275.503906 1677509677.1841
CHLD 2 272.367188 1677509677.1841
CHLD 3 275.363281 1677509677.1842
CHLD 4 266.160156 1677509677.1842
CHLD 5 268.949219 1677509677.1842
CHLD 6 273.734375 1677509677.1842
CHLD 7 272.128906 1677509677.1842
CHLD 8 273.980469 1677509677.1842
CHLD 9 271.230469 1677509677.1843
CHLD 10 0.000000 1677509677.1843
CHLD 11 0.000000 1677509677.1843
CHLD 12 0.000000 1677509677.1843
CHLD 13 0.000000 1677509677.1843
CHLD 14 0.000000 1677509677.1843
CHLD 15 0.000000 1677509677.1844
CHLD 16 0.000000 1677509677.1844
CHLD 17 0.000000 1677509677.1844
CHLD 18 0.000000 1677509677.1844
CHLD 19 0.000000 1677509677.1844
CHLD 20 0.000000 1677509677.1844
CHLD 21 0.000000 1677509677.1844
CHLD 22 272.136719 1677509677.1845
CHLD 23 275.347656 1677509677.1845
CHLD 24 273.804688 1677509677.1845
CHLD 25 268.917969 1677509677.1845
CHLD 26 273.734375 1677509677.1845
CHLD 27 271.660156 1677509677.1845
CHLD 28 274.632812 1677509677.1846
CHLD 29 270.710938 1677509677.1846
CHLD 30 267.335938 1677509677.1846
CHLD 31 0.000000 1677509677.1846
CHLD 32 0.000000 1677509677.1846
CHLD 33 0.000000 1677509677.1846
CHLD 34 0.000000 1677509677.1846
CHLD 35 0.000000 1677509677.1847
CHLD 36 0.000000 1677509677.1847
CHLD 37 0.000000 1677509677.1847
CHLD 38 0.000000 1677509677.1847
CHLD 39 0.000000 1677509677.1847
CHLD 40 0.000000 1677509677.1847
CHLD 41 0.000000 1677509677.1848
CHLD 42 0.000000 1677509677.1848
CHLD 43 0.000000 1677509677.1848
CHLD 44 0.000000 1677509677.1848
CHLD 45 0.000000 1677509677.1848
CHLD 46 0.000000 1677509677.1848
CHLD 47 0.000000 1677509677.1848
CHLD 48 0.000000 1677509677.1849
MEM 8281.417969 1677509677.3033
CHLD 0 3168.007812 1677509677.3186
CHLD 1 275.503906 1677509677.3186
CHLD 2 272.367188 1677509677.3186
CHLD 3 275.363281 1677509677.3187
CHLD 4 266.785156 1677509677.3187
CHLD 5 268.949219 1677509677.3187
CHLD 6 273.734375 1677509677.3187
CHLD 7 272.128906 1677509677.3187
CHLD 8 273.980469 1677509677.3187
CHLD 9 271.230469 1677509677.3187
CHLD 10 0.000000 1677509677.3188
CHLD 11 0.000000 1677509677.3188
CHLD 12 0.000000 1677509677.3188
CHLD 13 0.000000 1677509677.3188
CHLD 14 0.000000 1677509677.3188
CHLD 15 0.000000 1677509677.3188
CHLD 16 0.000000 1677509677.3189
CHLD 17 0.000000 1677509677.3189
CHLD 18 0.000000 1677509677.3189
CHLD 19 0.000000 1677509677.3189
CHLD 20 0.000000 1677509677.3189
CHLD 21 0.000000 1677509677.3189
CHLD 22 272.136719 1677509677.3189
CHLD 23 275.347656 1677509677.3190
CHLD 24 273.804688 1677509677.3190
CHLD 25 268.917969 1677509677.3190
CHLD 26 273.734375 1677509677.3190
CHLD 27 271.660156 1677509677.3190
CHLD 28 274.632812 1677509677.3191
CHLD 29 270.710938 1677509677.3191
CHLD 30 264.140625 1677509677.3191
CHLD 31 0.000000 1677509677.3191
CHLD 32 0.000000 1677509677.3191
CHLD 33 0.000000 1677509677.3191
CHLD 34 0.000000 1677509677.3191
CHLD 35 0.000000 1677509677.3192
CHLD 36 0.000000 1677509677.3192
CHLD 37 0.000000 1677509677.3192
CHLD 38 0.000000 1677509677.3192
CHLD 39 0.000000 1677509677.3192
CHLD 40 0.000000 1677509677.3192
CHLD 41 0.000000 1677509677.3192
CHLD 42 0.000000 1677509677.3193
CHLD 43 0.000000 1677509677.3193
CHLD 44 0.000000 1677509677.3193
CHLD 45 0.000000 1677509677.3193
CHLD 46 0.000000 1677509677.3193
CHLD 47 0.000000 1677509677.3193
CHLD 48 0.000000 1677509677.3194
MEM 8007.433594 1677509677.4369
CHLD 0 3120.523438 1677509677.4529
CHLD 1 275.503906 1677509677.4530
CHLD 2 272.367188 1677509677.4530
CHLD 3 275.363281 1677509677.4530
CHLD 4 266.937500 1677509677.4530
CHLD 5 268.949219 1677509677.4530
CHLD 6 273.734375 1677509677.4530
CHLD 7 272.128906 1677509677.4531
CHLD 8 273.980469 1677509677.4531
CHLD 9 271.230469 1677509677.4531
CHLD 10 0.000000 1677509677.4531
CHLD 11 0.000000 1677509677.4531
CHLD 12 0.000000 1677509677.4531
CHLD 13 0.000000 1677509677.4531
CHLD 14 0.000000 1677509677.4532
CHLD 15 0.000000 1677509677.4532
CHLD 16 0.000000 1677509677.4532
CHLD 17 0.000000 1677509677.4532
CHLD 18 0.000000 1677509677.4532
CHLD 19 0.000000 1677509677.4532
CHLD 20 0.000000 1677509677.4532
CHLD 21 0.000000 1677509677.4533
CHLD 22 272.136719 1677509677.4533
CHLD 23 275.347656 1677509677.4533
CHLD 24 273.804688 1677509677.4533
CHLD 25 268.917969 1677509677.4533
CHLD 26 273.734375 1677509677.4533
CHLD 27 271.660156 1677509677.4534
CHLD 28 274.632812 1677509677.4534
CHLD 29 270.710938 1677509677.4534
CHLD 30 0.000000 1677509677.4534
CHLD 31 0.000000 1677509677.4534
CHLD 32 0.000000 1677509677.4534
CHLD 33 0.000000 1677509677.4534
CHLD 34 0.000000 1677509677.4535
CHLD 35 0.000000 1677509677.4535
CHLD 36 0.000000 1677509677.4535
CHLD 37 0.000000 1677509677.4535
CHLD 38 0.000000 1677509677.4535
CHLD 39 0.000000 1677509677.4535
CHLD 40 0.000000 1677509677.4535
CHLD 41 0.000000 1677509677.4536
CHLD 42 0.000000 1677509677.4536
CHLD 43 0.000000 1677509677.4536
CHLD 44 0.000000 1677509677.4536
CHLD 45 0.000000 1677509677.4536
CHLD 46 0.000000 1677509677.4536
CHLD 47 0.000000 1677509677.4536
CHLD 48 0.000000 1677509677.4537
MEM 8008.199219 1677509677.5738
CHLD 0 3120.523438 1677509677.5918
CHLD 1 275.503906 1677509677.5918
CHLD 2 272.367188 1677509677.5918
CHLD 3 275.363281 1677509677.5919
CHLD 4 266.937500 1677509677.5919
CHLD 5 269.714844 1677509677.5919
CHLD 6 273.734375 1677509677.5919
CHLD 7 272.128906 1677509677.5919
CHLD 8 273.980469 1677509677.5919
CHLD 9 271.230469 1677509677.5920
CHLD 10 0.000000 1677509677.5920
CHLD 11 0.000000 1677509677.5920
CHLD 12 0.000000 1677509677.5920
CHLD 13 0.000000 1677509677.5920
CHLD 14 0.000000 1677509677.5920
CHLD 15 0.000000 1677509677.5921
CHLD 16 0.000000 1677509677.5921
CHLD 17 0.000000 1677509677.5921
CHLD 18 0.000000 1677509677.5921
CHLD 19 0.000000 1677509677.5921
CHLD 20 0.000000 1677509677.5921
CHLD 21 0.000000 1677509677.5922
CHLD 22 272.136719 1677509677.5922
CHLD 23 275.347656 1677509677.5922
CHLD 24 273.804688 1677509677.5922
CHLD 25 268.917969 1677509677.5922
CHLD 26 273.734375 1677509677.5922
CHLD 27 271.660156 1677509677.5923
CHLD 28 274.632812 1677509677.5923
CHLD 29 270.710938 1677509677.5923
CHLD 30 0.000000 1677509677.5923
CHLD 31 0.000000 1677509677.5923
CHLD 32 0.000000 1677509677.5923
CHLD 33 0.000000 1677509677.5923
CHLD 34 0.000000 1677509677.5924
CHLD 35 0.000000 1677509677.5924
CHLD 36 0.000000 1677509677.5924
CHLD 37 0.000000 1677509677.5924
CHLD 38 0.000000 1677509677.5924
CHLD 39 0.000000 1677509677.5924
CHLD 40 0.000000 1677509677.5925
CHLD 41 0.000000 1677509677.5925
CHLD 42 0.000000 1677509677.5925
CHLD 43 0.000000 1677509677.5925
CHLD 44 0.000000 1677509677.5925
CHLD 45 0.000000 1677509677.5925
CHLD 46 0.000000 1677509677.5925
CHLD 47 0.000000 1677509677.5926
CHLD 48 0.000000 1677509677.5926
MEM 8008.312500 1677509677.7111
CHLD 0 3120.523438 1677509677.7274
CHLD 1 275.503906 1677509677.7274
CHLD 2 272.367188 1677509677.7274
CHLD 3 275.363281 1677509677.7274
CHLD 4 266.937500 1677509677.7274
CHLD 5 269.828125 1677509677.7274
CHLD 6 273.734375 1677509677.7275
CHLD 7 272.128906 1677509677.7275
CHLD 8 273.980469 1677509677.7275
CHLD 9 271.230469 1677509677.7275
CHLD 10 0.000000 1677509677.7275
CHLD 11 0.000000 1677509677.7275
CHLD 12 0.000000 1677509677.7275
CHLD 13 0.000000 1677509677.7276
CHLD 14 0.000000 1677509677.7276
CHLD 15 0.000000 1677509677.7276
CHLD 16 0.000000 1677509677.7276
CHLD 17 0.000000 1677509677.7276
CHLD 18 0.000000 1677509677.7276
CHLD 19 0.000000 1677509677.7276
CHLD 20 0.000000 1677509677.7277
CHLD 21 0.000000 1677509677.7277
CHLD 22 272.136719 1677509677.7277
CHLD 23 275.347656 1677509677.7277
CHLD 24 273.804688 1677509677.7277
CHLD 25 268.917969 1677509677.7277
CHLD 26 273.734375 1677509677.7277
CHLD 27 271.660156 1677509677.7278
CHLD 28 274.632812 1677509677.7278
CHLD 29 270.710938 1677509677.7278
CHLD 30 0.000000 1677509677.7278
CHLD 31 0.000000 1677509677.7278
CHLD 32 0.000000 1677509677.7278
CHLD 33 0.000000 1677509677.7278
CHLD 34 0.000000 1677509677.7279
CHLD 35 0.000000 1677509677.7279
CHLD 36 0.000000 1677509677.7279
CHLD 37 0.000000 1677509677.7279
CHLD 38 0.000000 1677509677.7279
CHLD 39 0.000000 1677509677.7279
CHLD 40 0.000000 1677509677.7279
CHLD 41 0.000000 1677509677.7280
CHLD 42 0.000000 1677509677.7280
CHLD 43 0.000000 1677509677.7280
CHLD 44 0.000000 1677509677.7280
CHLD 45 0.000000 1677509677.7280
CHLD 46 0.000000 1677509677.7280
CHLD 47 0.000000 1677509677.7280
CHLD 48 0.000000 1677509677.7281
MEM 8008.324219 1677509677.8463
CHLD 0 3120.523438 1677509677.8629
CHLD 1 275.503906 1677509677.8629
CHLD 2 272.367188 1677509677.8629
CHLD 3 275.363281 1677509677.8629
CHLD 4 266.937500 1677509677.8629
CHLD 5 269.828125 1677509677.8630
CHLD 6 273.734375 1677509677.8630
CHLD 7 272.132812 1677509677.8630
CHLD 8 273.980469 1677509677.8630
CHLD 9 271.230469 1677509677.8630
CHLD 10 0.000000 1677509677.8631
CHLD 11 0.000000 1677509677.8631
CHLD 12 0.000000 1677509677.8631
CHLD 13 0.000000 1677509677.8631
CHLD 14 0.000000 1677509677.8631
CHLD 15 0.000000 1677509677.8632
CHLD 16 0.000000 1677509677.8632
CHLD 17 0.000000 1677509677.8632
CHLD 18 0.000000 1677509677.8632
CHLD 19 0.000000 1677509677.8632
CHLD 20 0.000000 1677509677.8632
CHLD 21 0.000000 1677509677.8632
CHLD 22 272.136719 1677509677.8633
CHLD 23 275.359375 1677509677.8633
CHLD 24 273.804688 1677509677.8633
CHLD 25 268.917969 1677509677.8633
CHLD 26 273.734375 1677509677.8633
CHLD 27 271.660156 1677509677.8633
CHLD 28 274.632812 1677509677.8634
CHLD 29 270.710938 1677509677.8634
CHLD 30 0.000000 1677509677.8634
CHLD 31 0.000000 1677509677.8634
CHLD 32 0.000000 1677509677.8634
CHLD 33 0.000000 1677509677.8634
CHLD 34 0.000000 1677509677.8635
CHLD 35 0.000000 1677509677.8635
CHLD 36 0.000000 1677509677.8635
CHLD 37 0.000000 1677509677.8635
CHLD 38 0.000000 1677509677.8635
CHLD 39 0.000000 1677509677.8635
CHLD 40 0.000000 1677509677.8635
CHLD 41 0.000000 1677509677.8636
CHLD 42 0.000000 1677509677.8636
CHLD 43 0.000000 1677509677.8636
CHLD 44 0.000000 1677509677.8636
CHLD 45 0.000000 1677509677.8636
CHLD 46 0.000000 1677509677.8636
CHLD 47 0.000000 1677509677.8636
CHLD 48 0.000000 1677509677.8637
MEM 8039.054688 1677509677.9822
CHLD 0 3120.523438 1677509677.9982
CHLD 1 275.503906 1677509677.9982
CHLD 2 272.367188 1677509677.9983
CHLD 3 275.363281 1677509677.9983
CHLD 4 266.937500 1677509677.9983
CHLD 5 269.828125 1677509677.9983
CHLD 6 273.734375 1677509677.9983
CHLD 7 272.132812 1677509677.9983
CHLD 8 273.980469 1677509677.9984
CHLD 9 271.230469 1677509677.9984
CHLD 10 0.000000 1677509677.9984
CHLD 11 0.000000 1677509677.9984
CHLD 12 0.000000 1677509677.9984
CHLD 13 0.000000 1677509677.9984
CHLD 14 0.000000 1677509677.9984
CHLD 15 0.000000 1677509677.9985
CHLD 16 0.000000 1677509677.9985
CHLD 17 0.000000 1677509677.9985
CHLD 18 0.000000 1677509677.9985
CHLD 19 0.000000 1677509677.9985
CHLD 20 0.000000 1677509677.9985
CHLD 21 0.000000 1677509677.9986
CHLD 22 272.136719 1677509677.9986
CHLD 23 275.359375 1677509677.9986
CHLD 24 273.804688 1677509677.9986
CHLD 25 268.917969 1677509677.9986
CHLD 26 273.734375 1677509677.9986
CHLD 27 271.660156 1677509677.9986
CHLD 28 274.632812 1677509677.9987
CHLD 29 339.441406 1677509677.9987
CHLD 30 0.000000 1677509677.9987
CHLD 31 0.000000 1677509677.9987
CHLD 32 0.000000 1677509677.9987
CHLD 33 0.000000 1677509677.9987
CHLD 34 0.000000 1677509677.9987
CHLD 35 0.000000 1677509677.9988
CHLD 36 0.000000 1677509677.9988
CHLD 37 0.000000 1677509677.9988
CHLD 38 0.000000 1677509677.9988
CHLD 39 0.000000 1677509677.9988
CHLD 40 0.000000 1677509677.9988
CHLD 41 0.000000 1677509677.9988
CHLD 42 0.000000 1677509677.9989
CHLD 43 0.000000 1677509677.9989
CHLD 44 0.000000 1677509677.9989
CHLD 45 0.000000 1677509677.9989
CHLD 46 0.000000 1677509677.9989
CHLD 47 0.000000 1677509677.9989
CHLD 48 0.000000 1677509677.9989
MEM 7843.554688 1677509678.1171
CHLD 0 3178.312500 1677509678.1335
CHLD 1 276.855469 1677509678.1335
CHLD 2 272.367188 1677509678.1335
CHLD 3 275.363281 1677509678.1335
CHLD 4 266.937500 1677509678.1336
CHLD 5 269.828125 1677509678.1336
CHLD 6 273.734375 1677509678.1336
CHLD 7 272.132812 1677509678.1336
CHLD 8 273.980469 1677509678.1336
CHLD 9 355.964844 1677509678.1336
CHLD 10 0.000000 1677509678.1337
CHLD 11 0.000000 1677509678.1337
CHLD 12 0.000000 1677509678.1337
CHLD 13 0.000000 1677509678.1337
CHLD 14 0.000000 1677509678.1337
CHLD 15 0.000000 1677509678.1338
CHLD 16 0.000000 1677509678.1338
CHLD 17 0.000000 1677509678.1338
CHLD 18 0.000000 1677509678.1338
CHLD 19 0.000000 1677509678.1338
CHLD 20 0.000000 1677509678.1339
CHLD 21 0.000000 1677509678.1339
CHLD 22 272.136719 1677509678.1339
CHLD 23 275.359375 1677509678.1339
CHLD 24 273.804688 1677509678.1340
CHLD 25 268.917969 1677509678.1340
CHLD 26 273.734375 1677509678.1340
CHLD 27 271.660156 1677509678.1340
CHLD 28 274.632812 1677509678.1341
CHLD 29 0.000000 1677509678.1341
CHLD 30 0.000000 1677509678.1341
CHLD 31 0.000000 1677509678.1342
CHLD 32 0.000000 1677509678.1342
CHLD 33 0.000000 1677509678.1342
CHLD 34 0.000000 1677509678.1342
CHLD 35 0.000000 1677509678.1342
CHLD 36 0.000000 1677509678.1343
CHLD 37 0.000000 1677509678.1343
CHLD 38 0.000000 1677509678.1343
CHLD 39 0.000000 1677509678.1343
CHLD 40 0.000000 1677509678.1343
CHLD 41 0.000000 1677509678.1343
CHLD 42 0.000000 1677509678.1343
CHLD 43 0.000000 1677509678.1344
CHLD 44 0.000000 1677509678.1344
CHLD 45 0.000000 1677509678.1344
CHLD 46 0.000000 1677509678.1344
CHLD 47 0.000000 1677509678.1344
CHLD 48 0.000000 1677509678.1344
MEM 7584.507812 1677509678.2528
CHLD 0 3236.109375 1677509678.2693
CHLD 1 276.855469 1677509678.2693
CHLD 2 272.367188 1677509678.2693
CHLD 3 276.546875 1677509678.2693
CHLD 4 266.937500 1677509678.2693
CHLD 5 269.828125 1677509678.2693
CHLD 6 273.734375 1677509678.2694
CHLD 7 272.132812 1677509678.2694
CHLD 8 273.980469 1677509678.2694
CHLD 9 0.000000 1677509678.2694
CHLD 10 0.000000 1677509678.2694
CHLD 11 0.000000 1677509678.2694
CHLD 12 0.000000 1677509678.2694
CHLD 13 0.000000 1677509678.2695
CHLD 14 0.000000 1677509678.2695
CHLD 15 0.000000 1677509678.2695
CHLD 16 0.000000 1677509678.2695
CHLD 17 0.000000 1677509678.2695
CHLD 18 0.000000 1677509678.2695
CHLD 19 0.000000 1677509678.2695
CHLD 20 0.000000 1677509678.2696
CHLD 21 0.000000 1677509678.2696
CHLD 22 272.136719 1677509678.2696
CHLD 23 275.359375 1677509678.2696
CHLD 24 273.804688 1677509678.2696
CHLD 25 268.917969 1677509678.2697
CHLD 26 273.734375 1677509678.2697
CHLD 27 271.660156 1677509678.2697
CHLD 28 274.632812 1677509678.2697
CHLD 29 0.000000 1677509678.2697
CHLD 30 0.000000 1677509678.2697
CHLD 31 0.000000 1677509678.2698
CHLD 32 0.000000 1677509678.2698
CHLD 33 0.000000 1677509678.2698
CHLD 34 0.000000 1677509678.2698
CHLD 35 0.000000 1677509678.2698
CHLD 36 0.000000 1677509678.2698
CHLD 37 0.000000 1677509678.2698
CHLD 38 0.000000 1677509678.2699
CHLD 39 0.000000 1677509678.2699
CHLD 40 0.000000 1677509678.2699
CHLD 41 0.000000 1677509678.2699
CHLD 42 0.000000 1677509678.2699
CHLD 43 0.000000 1677509678.2699
CHLD 44 0.000000 1677509678.2700
CHLD 45 0.000000 1677509678.2700
CHLD 46 0.000000 1677509678.2700
CHLD 47 0.000000 1677509678.2700
CHLD 48 0.000000 1677509678.2700
MEM 7585.695312 1677509678.3882
CHLD 0 3236.109375 1677509678.4041
CHLD 1 276.855469 1677509678.4042
CHLD 2 272.367188 1677509678.4042
CHLD 3 276.546875 1677509678.4042
CHLD 4 266.937500 1677509678.4042
CHLD 5 269.828125 1677509678.4042
CHLD 6 273.734375 1677509678.4042
CHLD 7 272.132812 1677509678.4043
CHLD 8 273.980469 1677509678.4043
CHLD 9 0.000000 1677509678.4043
CHLD 10 0.000000 1677509678.4043
CHLD 11 0.000000 1677509678.4043
CHLD 12 0.000000 1677509678.4043
CHLD 13 0.000000 1677509678.4044
CHLD 14 0.000000 1677509678.4044
CHLD 15 0.000000 1677509678.4044
CHLD 16 0.000000 1677509678.4044
CHLD 17 0.000000 1677509678.4044
CHLD 18 0.000000 1677509678.4044
CHLD 19 0.000000 1677509678.4044
CHLD 20 0.000000 1677509678.4045
CHLD 21 0.000000 1677509678.4045
CHLD 22 272.136719 1677509678.4045
CHLD 23 276.542969 1677509678.4045
CHLD 24 273.804688 1677509678.4045
CHLD 25 268.921875 1677509678.4045
CHLD 26 273.734375 1677509678.4046
CHLD 27 271.660156 1677509678.4046
CHLD 28 274.632812 1677509678.4046
CHLD 29 0.000000 1677509678.4046
CHLD 30 0.000000 1677509678.4046
CHLD 31 0.000000 1677509678.4046
CHLD 32 0.000000 1677509678.4047
CHLD 33 0.000000 1677509678.4047
CHLD 34 0.000000 1677509678.4047
CHLD 35 0.000000 1677509678.4047
CHLD 36 0.000000 1677509678.4047
CHLD 37 0.000000 1677509678.4047
CHLD 38 0.000000 1677509678.4047
CHLD 39 0.000000 1677509678.4048
CHLD 40 0.000000 1677509678.4048
CHLD 41 0.000000 1677509678.4048
CHLD 42 0.000000 1677509678.4048
CHLD 43 0.000000 1677509678.4048
CHLD 44 0.000000 1677509678.4048
CHLD 45 0.000000 1677509678.4048
CHLD 46 0.000000 1677509678.4048
CHLD 47 0.000000 1677509678.4049
CHLD 48 0.000000 1677509678.4049
MEM 7585.695312 1677509678.5216
CHLD 0 3236.109375 1677509678.5362
CHLD 1 276.855469 1677509678.5362
CHLD 2 272.367188 1677509678.5362
CHLD 3 276.546875 1677509678.5362
CHLD 4 266.937500 1677509678.5362
CHLD 5 269.828125 1677509678.5363
CHLD 6 273.734375 1677509678.5363
CHLD 7 272.132812 1677509678.5363
CHLD 8 273.980469 1677509678.5363
CHLD 9 0.000000 1677509678.5363
CHLD 10 0.000000 1677509678.5363
CHLD 11 0.000000 1677509678.5363
CHLD 12 0.000000 1677509678.5364
CHLD 13 0.000000 1677509678.5364
CHLD 14 0.000000 1677509678.5364
CHLD 15 0.000000 1677509678.5364
CHLD 16 0.000000 1677509678.5364
CHLD 17 0.000000 1677509678.5364
CHLD 18 0.000000 1677509678.5364
CHLD 19 0.000000 1677509678.5364
CHLD 20 0.000000 1677509678.5365
CHLD 21 0.000000 1677509678.5365
CHLD 22 272.136719 1677509678.5365
CHLD 23 276.542969 1677509678.5365
CHLD 24 273.804688 1677509678.5365
CHLD 25 268.921875 1677509678.5365
CHLD 26 273.734375 1677509678.5365
CHLD 27 271.660156 1677509678.5366
CHLD 28 274.632812 1677509678.5366
CHLD 29 0.000000 1677509678.5366
CHLD 30 0.000000 1677509678.5366
CHLD 31 0.000000 1677509678.5366
CHLD 32 0.000000 1677509678.5366
CHLD 33 0.000000 1677509678.5366
CHLD 34 0.000000 1677509678.5367
CHLD 35 0.000000 1677509678.5367
CHLD 36 0.000000 1677509678.5367
CHLD 37 0.000000 1677509678.5367
CHLD 38 0.000000 1677509678.5367
CHLD 39 0.000000 1677509678.5367
CHLD 40 0.000000 1677509678.5367
CHLD 41 0.000000 1677509678.5367
CHLD 42 0.000000 1677509678.5368
CHLD 43 0.000000 1677509678.5368
CHLD 44 0.000000 1677509678.5368
CHLD 45 0.000000 1677509678.5368
CHLD 46 0.000000 1677509678.5368
CHLD 47 0.000000 1677509678.5368
CHLD 48 0.000000 1677509678.5368
MEM 7585.695312 1677509678.6547
CHLD 0 3236.109375 1677509678.6705
CHLD 1 276.855469 1677509678.6706
CHLD 2 272.367188 1677509678.6706
CHLD 3 276.546875 1677509678.6706
CHLD 4 266.937500 1677509678.6706
CHLD 5 269.828125 1677509678.6706
CHLD 6 273.734375 1677509678.6706
CHLD 7 272.132812 1677509678.6707
CHLD 8 273.980469 1677509678.6707
CHLD 9 0.000000 1677509678.6707
CHLD 10 0.000000 1677509678.6707
CHLD 11 0.000000 1677509678.6707
CHLD 12 0.000000 1677509678.6708
CHLD 13 0.000000 1677509678.6708
CHLD 14 0.000000 1677509678.6709
CHLD 15 0.000000 1677509678.6709
CHLD 16 0.000000 1677509678.6709
CHLD 17 0.000000 1677509678.6709
CHLD 18 0.000000 1677509678.6709
CHLD 19 0.000000 1677509678.6709
CHLD 20 0.000000 1677509678.6709
CHLD 21 0.000000 1677509678.6710
CHLD 22 272.136719 1677509678.6710
CHLD 23 276.542969 1677509678.6710
CHLD 24 273.804688 1677509678.6711
CHLD 25 268.921875 1677509678.6711
CHLD 26 273.734375 1677509678.6711
CHLD 27 271.660156 1677509678.6711
CHLD 28 274.632812 1677509678.6711
CHLD 29 0.000000 1677509678.6711
CHLD 30 0.000000 1677509678.6712
CHLD 31 0.000000 1677509678.6712
CHLD 32 0.000000 1677509678.6712
CHLD 33 0.000000 1677509678.6712
CHLD 34 0.000000 1677509678.6712
CHLD 35 0.000000 1677509678.6712
CHLD 36 0.000000 1677509678.6712
CHLD 37 0.000000 1677509678.6713
CHLD 38 0.000000 1677509678.6713
CHLD 39 0.000000 1677509678.6713
CHLD 40 0.000000 1677509678.6713
CHLD 41 0.000000 1677509678.6713
CHLD 42 0.000000 1677509678.6713
CHLD 43 0.000000 1677509678.6713
CHLD 44 0.000000 1677509678.6714
CHLD 45 0.000000 1677509678.6714
CHLD 46 0.000000 1677509678.6714
CHLD 47 0.000000 1677509678.6714
CHLD 48 0.000000 1677509678.6714
MEM 7692.226562 1677509678.7899
CHLD 0 3274.109375 1677509678.8063
CHLD 1 333.328125 1677509678.8064
CHLD 2 272.367188 1677509678.8064
CHLD 3 276.546875 1677509678.8064
CHLD 4 266.937500 1677509678.8064
CHLD 5 269.828125 1677509678.8064
CHLD 6 273.734375 1677509678.8064
CHLD 7 272.132812 1677509678.8065
CHLD 8 273.980469 1677509678.8065
CHLD 9 0.000000 1677509678.8065
CHLD 10 0.000000 1677509678.8065
CHLD 11 0.000000 1677509678.8065
CHLD 12 0.000000 1677509678.8065
CHLD 13 0.000000 1677509678.8065
CHLD 14 0.000000 1677509678.8066
CHLD 15 0.000000 1677509678.8066
CHLD 16 0.000000 1677509678.8066
CHLD 17 0.000000 1677509678.8066
CHLD 18 0.000000 1677509678.8066
CHLD 19 0.000000 1677509678.8066
CHLD 20 0.000000 1677509678.8066
CHLD 21 0.000000 1677509678.8066
CHLD 22 272.136719 1677509678.8067
CHLD 23 276.542969 1677509678.8067
CHLD 24 273.804688 1677509678.8067
CHLD 25 268.921875 1677509678.8067
CHLD 26 273.734375 1677509678.8067
CHLD 27 271.660156 1677509678.8067
CHLD 28 274.632812 1677509678.8067
CHLD 29 0.000000 1677509678.8068
CHLD 30 0.000000 1677509678.8068
CHLD 31 0.000000 1677509678.8068
CHLD 32 0.000000 1677509678.8068
CHLD 33 0.000000 1677509678.8068
CHLD 34 0.000000 1677509678.8068
CHLD 35 0.000000 1677509678.8069
CHLD 36 0.000000 1677509678.8069
CHLD 37 0.000000 1677509678.8069
CHLD 38 0.000000 1677509678.8069
CHLD 39 0.000000 1677509678.8069
CHLD 40 0.000000 1677509678.8069
CHLD 41 0.000000 1677509678.8069
CHLD 42 0.000000 1677509678.8069
CHLD 43 0.000000 1677509678.8070
CHLD 44 0.000000 1677509678.8070
CHLD 45 0.000000 1677509678.8070
CHLD 46 0.000000 1677509678.8070
CHLD 47 0.000000 1677509678.8070
CHLD 48 0.000000 1677509678.8070
MEM 7571.570312 1677509678.9252
CHLD 0 3354.355469 1677509678.9420
CHLD 1 272.367188 1677509678.9421
CHLD 2 333.019531 1677509678.9421
CHLD 3 266.937500 1677509678.9421
CHLD 4 269.828125 1677509678.9421
CHLD 5 273.734375 1677509678.9421
CHLD 6 272.132812 1677509678.9421
CHLD 7 273.980469 1677509678.9422
CHLD 8 0.000000 1677509678.9422
CHLD 9 0.000000 1677509678.9422
CHLD 10 0.000000 1677509678.9422
CHLD 11 0.000000 1677509678.9422
CHLD 12 0.000000 1677509678.9422
CHLD 13 0.000000 1677509678.9422
CHLD 14 0.000000 1677509678.9423
CHLD 15 0.000000 1677509678.9423
CHLD 16 0.000000 1677509678.9423
CHLD 17 0.000000 1677509678.9423
CHLD 18 0.000000 1677509678.9423
CHLD 19 0.000000 1677509678.9423
CHLD 20 0.000000 1677509678.9423
CHLD 21 272.136719 1677509678.9424
CHLD 22 276.542969 1677509678.9424
CHLD 23 273.804688 1677509678.9424
CHLD 24 268.921875 1677509678.9424
CHLD 25 273.734375 1677509678.9424
CHLD 26 271.660156 1677509678.9424
CHLD 27 327.457031 1677509678.9424
CHLD 28 0.000000 1677509678.9425
CHLD 29 0.000000 1677509678.9425
CHLD 30 0.000000 1677509678.9425
CHLD 31 0.000000 1677509678.9425
CHLD 32 0.000000 1677509678.9425
CHLD 33 0.000000 1677509678.9425
CHLD 34 0.000000 1677509678.9425
CHLD 35 0.000000 1677509678.9426
CHLD 36 0.000000 1677509678.9426
CHLD 37 0.000000 1677509678.9426
CHLD 38 0.000000 1677509678.9426
CHLD 39 0.000000 1677509678.9426
CHLD 40 0.000000 1677509678.9426
CHLD 41 0.000000 1677509678.9426
CHLD 42 0.000000 1677509678.9427
CHLD 43 0.000000 1677509678.9427
CHLD 44 0.000000 1677509678.9427
CHLD 45 0.000000 1677509678.9427
CHLD 46 0.000000 1677509678.9427
CHLD 47 0.000000 1677509678.9427
MEM 6933.621094 1677509679.0607
CHLD 0 3412.070312 1677509679.0766
CHLD 1 272.367188 1677509679.0767
CHLD 2 0.000000 1677509679.0767
CHLD 3 266.937500 1677509679.0767
CHLD 4 269.828125 1677509679.0767
CHLD 5 273.734375 1677509679.0767
CHLD 6 272.132812 1677509679.0767
CHLD 7 273.980469 1677509679.0768
CHLD 8 0.000000 1677509679.0768
CHLD 9 0.000000 1677509679.0768
CHLD 10 0.000000 1677509679.0768
CHLD 11 0.000000 1677509679.0768
CHLD 12 0.000000 1677509679.0768
CHLD 13 0.000000 1677509679.0769
CHLD 14 0.000000 1677509679.0769
CHLD 15 0.000000 1677509679.0769
CHLD 16 0.000000 1677509679.0769
CHLD 17 0.000000 1677509679.0769
CHLD 18 0.000000 1677509679.0769
CHLD 19 0.000000 1677509679.0769
CHLD 20 0.000000 1677509679.0769
CHLD 21 272.136719 1677509679.0770
CHLD 22 276.542969 1677509679.0770
CHLD 23 273.804688 1677509679.0770
CHLD 24 268.921875 1677509679.0770
CHLD 25 273.734375 1677509679.0770
CHLD 26 271.660156 1677509679.0770
CHLD 27 0.000000 1677509679.0770
CHLD 28 0.000000 1677509679.0771
CHLD 29 0.000000 1677509679.0771
CHLD 30 0.000000 1677509679.0771
CHLD 31 0.000000 1677509679.0771
CHLD 32 0.000000 1677509679.0771
CHLD 33 0.000000 1677509679.0771
CHLD 34 0.000000 1677509679.0772
CHLD 35 0.000000 1677509679.0772
CHLD 36 0.000000 1677509679.0772
CHLD 37 0.000000 1677509679.0772
CHLD 38 0.000000 1677509679.0772
CHLD 39 0.000000 1677509679.0772
CHLD 40 0.000000 1677509679.0772
CHLD 41 0.000000 1677509679.0772
CHLD 42 0.000000 1677509679.0773
CHLD 43 0.000000 1677509679.0773
CHLD 44 0.000000 1677509679.0773
CHLD 45 0.000000 1677509679.0773
CHLD 46 0.000000 1677509679.0773
CHLD 47 0.000000 1677509679.0773
MEM 6933.621094 1677509679.1963
CHLD 0 3412.070312 1677509679.2137
CHLD 1 272.367188 1677509679.2137
CHLD 2 0.000000 1677509679.2137
CHLD 3 266.937500 1677509679.2137
CHLD 4 269.828125 1677509679.2137
CHLD 5 273.734375 1677509679.2137
CHLD 6 272.132812 1677509679.2138
CHLD 7 273.980469 1677509679.2138
CHLD 8 0.000000 1677509679.2138
CHLD 9 0.000000 1677509679.2138
CHLD 10 0.000000 1677509679.2138
CHLD 11 0.000000 1677509679.2138
CHLD 12 0.000000 1677509679.2138
CHLD 13 0.000000 1677509679.2139
CHLD 14 0.000000 1677509679.2139
CHLD 15 0.000000 1677509679.2139
CHLD 16 0.000000 1677509679.2139
CHLD 17 0.000000 1677509679.2139
CHLD 18 0.000000 1677509679.2139
CHLD 19 0.000000 1677509679.2139
CHLD 20 0.000000 1677509679.2140
CHLD 21 272.136719 1677509679.2140
CHLD 22 276.542969 1677509679.2140
CHLD 23 273.804688 1677509679.2140
CHLD 24 268.921875 1677509679.2140
CHLD 25 273.734375 1677509679.2140
CHLD 26 271.660156 1677509679.2141
CHLD 27 0.000000 1677509679.2141
CHLD 28 0.000000 1677509679.2141
CHLD 29 0.000000 1677509679.2141
CHLD 30 0.000000 1677509679.2141
CHLD 31 0.000000 1677509679.2141
CHLD 32 0.000000 1677509679.2142
CHLD 33 0.000000 1677509679.2142
CHLD 34 0.000000 1677509679.2142
CHLD 35 0.000000 1677509679.2142
CHLD 36 0.000000 1677509679.2142
CHLD 37 0.000000 1677509679.2142
CHLD 38 0.000000 1677509679.2143
CHLD 39 0.000000 1677509679.2143
CHLD 40 0.000000 1677509679.2143
CHLD 41 0.000000 1677509679.2144
CHLD 42 0.000000 1677509679.2144
CHLD 43 0.000000 1677509679.2144
CHLD 44 0.000000 1677509679.2145
CHLD 45 0.000000 1677509679.2145
CHLD 46 0.000000 1677509679.2145
CHLD 47 0.000000 1677509679.2145
MEM 7041.679688 1677509679.3320
CHLD 0 3448.070312 1677509679.3479
CHLD 1 327.128906 1677509679.3480
CHLD 2 0.000000 1677509679.3480
CHLD 3 266.937500 1677509679.3480
CHLD 4 269.828125 1677509679.3480
CHLD 5 273.734375 1677509679.3480
CHLD 6 272.132812 1677509679.3481
CHLD 7 273.980469 1677509679.3481
CHLD 8 0.000000 1677509679.3481
CHLD 9 0.000000 1677509679.3481
CHLD 10 0.000000 1677509679.3481
CHLD 11 0.000000 1677509679.3482
CHLD 12 0.000000 1677509679.3482
CHLD 13 0.000000 1677509679.3482
CHLD 14 0.000000 1677509679.3482
CHLD 15 0.000000 1677509679.3482
CHLD 16 0.000000 1677509679.3482
CHLD 17 0.000000 1677509679.3482
CHLD 18 0.000000 1677509679.3483
CHLD 19 0.000000 1677509679.3483
CHLD 20 0.000000 1677509679.3483
CHLD 21 272.136719 1677509679.3483
CHLD 22 276.542969 1677509679.3483
CHLD 23 273.804688 1677509679.3483
CHLD 24 268.921875 1677509679.3483
CHLD 25 273.734375 1677509679.3484
CHLD 26 271.660156 1677509679.3484
CHLD 27 0.000000 1677509679.3484
CHLD 28 0.000000 1677509679.3484
CHLD 29 0.000000 1677509679.3484
CHLD 30 0.000000 1677509679.3484
CHLD 31 0.000000 1677509679.3485
CHLD 32 0.000000 1677509679.3485
CHLD 33 0.000000 1677509679.3485
CHLD 34 0.000000 1677509679.3485
CHLD 35 0.000000 1677509679.3485
CHLD 36 0.000000 1677509679.3485
CHLD 37 0.000000 1677509679.3485
CHLD 38 0.000000 1677509679.3486
CHLD 39 0.000000 1677509679.3486
CHLD 40 0.000000 1677509679.3486
CHLD 41 0.000000 1677509679.3486
CHLD 42 0.000000 1677509679.3486
CHLD 43 0.000000 1677509679.3486
CHLD 44 0.000000 1677509679.3486
CHLD 45 0.000000 1677509679.3487
CHLD 46 0.000000 1677509679.3487
CHLD 47 0.000000 1677509679.3487
MEM 6719.816406 1677509679.4662
CHLD 0 3470.632812 1677509679.4814
CHLD 1 266.937500 1677509679.4814
CHLD 2 269.828125 1677509679.4814
CHLD 3 273.734375 1677509679.4814
CHLD 4 272.132812 1677509679.4814
CHLD 5 273.980469 1677509679.4815
CHLD 6 0.000000 1677509679.4815
CHLD 7 0.000000 1677509679.4815
CHLD 8 0.000000 1677509679.4815
CHLD 9 0.000000 1677509679.4815
CHLD 10 0.000000 1677509679.4815
CHLD 11 0.000000 1677509679.4815
CHLD 12 0.000000 1677509679.4816
CHLD 13 0.000000 1677509679.4816
CHLD 14 0.000000 1677509679.4816
CHLD 15 0.000000 1677509679.4816
CHLD 16 0.000000 1677509679.4816
CHLD 17 0.000000 1677509679.4816
CHLD 18 0.000000 1677509679.4816
CHLD 19 272.136719 1677509679.4817
CHLD 20 276.542969 1677509679.4817
CHLD 21 273.804688 1677509679.4817
CHLD 22 268.921875 1677509679.4817
CHLD 23 273.734375 1677509679.4817
CHLD 24 271.660156 1677509679.4817
CHLD 25 0.000000 1677509679.4817
CHLD 26 0.000000 1677509679.4818
CHLD 27 0.000000 1677509679.4818
CHLD 28 0.000000 1677509679.4818
CHLD 29 0.000000 1677509679.4818
CHLD 30 0.000000 1677509679.4818
CHLD 31 0.000000 1677509679.4818
CHLD 32 0.000000 1677509679.4818
CHLD 33 0.000000 1677509679.4819
CHLD 34 0.000000 1677509679.4819
CHLD 35 0.000000 1677509679.4819
CHLD 36 0.000000 1677509679.4819
CHLD 37 0.000000 1677509679.4819
CHLD 38 0.000000 1677509679.4819
CHLD 39 0.000000 1677509679.4819
CHLD 40 0.000000 1677509679.4819
CHLD 41 0.000000 1677509679.4820
CHLD 42 0.000000 1677509679.4820
CHLD 43 0.000000 1677509679.4820
CHLD 44 0.000000 1677509679.4820
CHLD 45 0.000000 1677509679.4820
MEM 6813.902344 1677509679.6001
CHLD 0 3548.667969 1677509679.6163
CHLD 1 266.937500 1677509679.6163
CHLD 2 269.828125 1677509679.6164
CHLD 3 273.734375 1677509679.6164
CHLD 4 272.132812 1677509679.6164
CHLD 5 271.441406 1677509679.6164
CHLD 6 0.000000 1677509679.6164
CHLD 7 0.000000 1677509679.6164
CHLD 8 0.000000 1677509679.6165
CHLD 9 0.000000 1677509679.6165
CHLD 10 0.000000 1677509679.6165
CHLD 11 0.000000 1677509679.6165
CHLD 12 0.000000 1677509679.6165
CHLD 13 0.000000 1677509679.6165
CHLD 14 0.000000 1677509679.6165
CHLD 15 0.000000 1677509679.6166
CHLD 16 0.000000 1677509679.6166
CHLD 17 0.000000 1677509679.6166
CHLD 18 0.000000 1677509679.6166
CHLD 19 272.136719 1677509679.6166
CHLD 20 276.542969 1677509679.6166
CHLD 21 273.804688 1677509679.6166
CHLD 22 268.921875 1677509679.6167
CHLD 23 273.734375 1677509679.6167
CHLD 24 271.660156 1677509679.6167
CHLD 25 0.000000 1677509679.6167
CHLD 26 0.000000 1677509679.6167
CHLD 27 0.000000 1677509679.6167
CHLD 28 0.000000 1677509679.6167
CHLD 29 0.000000 1677509679.6168
CHLD 30 0.000000 1677509679.6168
CHLD 31 0.000000 1677509679.6168
CHLD 32 0.000000 1677509679.6168
CHLD 33 0.000000 1677509679.6168
CHLD 34 0.000000 1677509679.6168
CHLD 35 0.000000 1677509679.6168
CHLD 36 0.000000 1677509679.6169
CHLD 37 0.000000 1677509679.6169
CHLD 38 0.000000 1677509679.6169
CHLD 39 0.000000 1677509679.6169
CHLD 40 0.000000 1677509679.6169
CHLD 41 0.000000 1677509679.6169
CHLD 42 0.000000 1677509679.6170
CHLD 43 0.000000 1677509679.6170
CHLD 44 0.000000 1677509679.6170
CHLD 45 0.000000 1677509679.6170
